1 3 6 8 9 10 11 12 15 16 19 20 
1 3 6 8 9 10 11 12 15 16 19 20 
1 3 6 8 9 10 11 12 15 16 19 20 
1 3 6 8 9 10 11 12 15 16 19 20 
1 3 6 8 9 10 11 12 15 16 19 20 
1 3 6 8 9 10 11 12 15 16 19 20 
1 3 6 7 8 9 10 11 12 15 16 18 19 20 
1 3 6 8 9 10 11 12 15 16 19 20 
1 3 6 8 9 10 11 12 15 16 19 20 
1 3 6 8 9 10 11 12 15 16 19 20 
1 3 6 8 9 10 11 12 15 16 19 20 
1 3 6 8 9 10 11 12 15 16 19 20 
1 3 6 8 9 10 11 12 15 16 19 20 
1 3 6 8 9 10 11 12 15 16 20 
1 3 6 8 9 10 11 12 15 16 19 20 
1 3 6 8 9 10 11 12 15 16 19 20 
1 3 6 8 9 10 11 12 15 16 19 20 
1 3 6 8 9 10 11 12 15 16 19 20 
1 3 6 8 9 10 11 12 15 16 19 20 
1 3 6 8 9 10 11 12 15 16 19 20 
1 3 6 8 9 10 11 12 15 16 19 20 
1 3 6 8 9 10 11 12 15 16 19 20 
1 3 6 8 9 10 11 12 15 16 19 20 
1 3 6 8 9 10 11 12 15 16 19 20 
1 3 6 8 9 10 11 12 15 16 19 20 
1 3 6 8 9 10 11 12 15 16 19 20 
1 3 6 8 9 10 11 12 15 16 19 20 
1 3 6 8 9 10 11 12 15 16 19 20 
1 3 6 9 10 11 12 15 16 19 20 
1 3 6 8 9 10 11 12 15 16 19 20 
1 3 6 8 9 10 11 12 15 16 19 20 
1 3 6 7 8 9 10 11 12 15 16 18 19 20 
1 3 6 8 9 10 11 12 15 16 19 20 
1 3 6 8 9 10 11 12 15 16 19 20 
1 3 6 8 9 10 11 12 15 16 19 20 
1 3 6 8 9 10 11 12 15 16 19 20 
1 3 6 8 9 10 11 12 15 16 19 20 
1 3 6 7 8 9 11 16 18 
1 3 6 8 9 10 11 12 15 16 19 20 
1 3 6 8 9 10 11 12 15 16 19 20 
1 3 6 8 9 10 11 12 15 16 19 20 
1 3 6 7 8 9 11 16 18 
1 3 6 7 8 9 10 11 12 15 16 18 19 20 
1 3 6 8 9 10 11 12 15 16 19 20 
1 3 6 7 8 9 11 16 18 
1 3 6 8 9 10 11 12 15 16 19 20 
1 3 8 9 10 11 12 15 16 19 20 
1 3 6 8 9 10 11 12 15 16 19 20 
1 3 6 7 8 9 11 16 18 
1 3 6 8 9 10 11 12 15 16 19 20 
1 3 6 8 9 10 11 12 15 16 19 20 
1 3 6 8 9 10 11 12 15 16 19 20 
1 3 6 8 9 10 11 12 15 16 19 20 
1 3 6 8 9 10 11 12 15 16 19 20 
1 3 6 8 9 10 11 12 15 16 19 20 
1 3 6 7 8 9 10 11 12 15 16 18 19 20 
1 3 6 8 9 10 11 12 15 16 19 20 
1 3 6 8 9 10 11 12 15 16 19 20 
1 3 6 8 9 10 11 12 15 16 19 20 
1 3 6 8 9 10 11 12 15 16 19 20 
1 3 6 8 9 10 11 12 16 19 20 
1 3 6 8 9 10 11 12 15 16 19 20 
1 3 6 8 9 10 11 12 15 16 19 20 
1 3 6 8 9 10 11 12 15 16 19 20 
1 3 6 8 9 10 11 12 15 16 19 20 
1 3 6 8 9 10 11 12 15 16 19 
1 3 6 8 9 10 11 12 15 16 19 20 
1 3 6 8 9 10 11 12 15 16 19 20 
1 3 6 8 9 10 11 12 15 16 19 20 
1 3 6 8 9 10 11 12 15 16 19 20 
1 3 6 8 9 10 11 12 15 16 19 20 
1 3 6 8 9 10 11 12 15 16 19 20 
1 3 6 8 9 10 11 12 15 16 19 20 
1 3 6 8 9 10 11 12 15 16 19 20 
1 3 6 8 9 10 11 12 15 16 19 20 
1 3 6 8 9 10 11 12 15 16 19 20 
1 3 6 8 9 10 11 12 15 16 19 20 
1 3 6 8 9 10 11 12 15 16 19 20 
1 3 6 8 9 10 11 12 15 16 19 20 
1 3 6 8 9 10 11 12 15 16 19 20 
1 3 6 8 9 10 11 12 15 16 19 20 
1 3 6 7 8 9 10 11 12 15 16 18 19 20 
1 3 6 7 8 9 10 11 12 15 16 18 19 20 
1 3 6 8 9 10 11 12 15 16 19 20 
1 3 6 8 9 10 11 12 15 16 19 20 
1 3 6 8 9 11 12 16 19 20 
1 3 6 8 9 10 11 12 16 19 20 
1 3 6 8 9 10 11 12 15 16 19 20 
1 3 6 8 9 10 11 12 15 16 19 20 
1 3 6 8 9 10 11 12 15 16 19 20 
1 3 6 8 9 10 11 12 15 16 19 20 
1 3 6 8 9 10 11 12 15 16 19 20 
1 3 6 8 9 10 11 12 15 16 19 20 
1 3 6 8 9 10 11 12 15 16 19 20 
1 3 6 8 9 10 11 12 15 16 19 20 
1 3 6 8 9 10 11 12 15 16 19 20 
1 3 6 7 8 9 11 16 18 
1 3 6 8 9 10 11 12 15 16 19 20 
1 3 6 8 9 10 11 12 15 16 19 20 
1 3 6 8 9 10 11 12 15 19 20 
1 3 6 7 8 9 10 11 12 15 16 18 19 20 
1 3 6 8 9 10 11 12 15 16 19 20 
1 3 6 8 9 10 11 12 15 16 19 20 
1 3 6 8 9 10 11 12 15 16 19 20 
1 3 6 8 9 10 11 12 15 16 19 20 
1 3 6 8 9 10 11 12 15 16 19 20 
1 3 6 8 9 11 12 15 16 19 20 
1 3 6 8 9 10 11 12 15 16 19 20 
1 3 6 8 9 10 11 12 15 16 19 20 
1 3 6 7 8 9 10 11 12 15 16 18 19 20 
1 3 6 8 9 10 11 12 15 16 19 20 
1 3 6 8 9 10 11 12 15 16 19 20 
1 3 6 8 9 10 11 12 15 16 19 20 
1 3 6 8 9 10 11 12 15 16 19 20 
1 3 6 7 8 9 11 16 18 
1 3 6 8 9 10 11 12 15 16 19 20 
1 3 6 8 9 10 11 12 15 16 19 20 
1 3 6 8 9 10 11 12 15 16 19 20 
1 3 6 8 9 10 11 12 15 16 19 20 
1 3 6 8 9 10 11 12 15 16 19 20 
1 3 6 8 9 10 11 12 15 16 19 20 
1 3 6 8 9 10 11 12 15 16 19 20 
1 3 6 8 9 10 11 12 15 16 19 20 
1 3 6 8 9 10 11 12 15 16 19 20 
1 3 6 8 9 10 11 12 15 16 19 20 
1 3 6 8 9 10 11 12 15 16 19 20 
1 3 6 8 9 10 11 12 15 16 19 20 
1 3 6 8 9 10 11 12 15 16 19 20 
1 3 6 8 9 10 11 12 15 16 19 20 
1 3 6 7 8 9 11 16 18 
1 3 6 8 9 10 11 12 15 16 19 20 
1 3 6 8 9 10 11 12 15 16 19 20 
1 3 6 8 9 10 11 12 16 19 20 
1 3 6 8 9 10 11 12 15 20 
1 3 6 8 9 10 11 12 15 16 19 20 
1 3 6 9 10 11 12 15 16 19 20 
1 3 6 8 9 10 11 12 15 16 19 20 
1 3 6 8 9 10 11 12 15 16 19 20 
1 3 6 8 9 10 11 12 15 16 19 20 
1 3 6 8 9 10 11 12 15 16 19 20 
1 3 6 8 9 10 11 12 15 16 19 
1 3 6 8 9 10 11 12 15 16 19 20 
1 3 6 8 9 10 11 12 16 19 20 
1 3 6 8 9 10 11 12 15 16 19 20 
1 3 6 8 9 10 11 12 15 16 19 20 
1 3 6 8 9 10 11 12 15 16 19 20 
1 3 6 8 9 10 11 12 16 19 20 
1 3 6 8 9 10 11 12 15 16 19 20 
1 3 6 8 9 10 11 12 15 16 19 20 
1 3 6 8 9 10 11 12 15 16 19 20 
1 3 6 8 9 10 11 12 15 16 19 20 
1 3 6 8 9 10 11 12 15 16 19 20 
1 3 6 7 8 9 11 16 18 
1 3 6 8 9 10 11 12 15 16 19 20 
1 3 6 8 9 10 11 12 15 16 19 20 
1 3 6 8 9 10 11 12 15 16 19 20 
1 3 6 8 9 11 12 15 16 19 20 
1 3 6 8 9 10 11 12 15 16 19 20 
1 3 6 8 9 10 11 12 15 16 19 20 
1 3 6 8 9 10 11 12 15 16 19 20 
1 3 6 8 9 10 11 12 15 16 19 20 
1 3 6 8 9 10 11 12 15 16 19 20 
1 3 6 8 9 10 11 12 15 16 19 20 
1 3 6 8 9 10 11 12 15 16 19 20 
1 3 6 8 9 10 11 12 15 16 20 
1 3 6 8 9 10 11 12 15 16 19 20 
1 3 6 8 9 10 11 12 15 16 19 20 
1 3 6 8 9 10 11 12 15 16 19 20 
1 3 6 8 9 10 11 12 15 16 20 
1 3 6 8 9 10 11 12 15 16 19 
1 3 6 8 9 10 11 12 15 16 19 20 
1 3 6 8 9 10 11 12 15 16 19 20 
1 3 6 8 9 10 11 12 15 16 19 20 
1 3 6 8 9 10 11 12 15 16 19 20 
1 3 6 8 9 10 11 12 15 16 19 20 
1 3 6 8 9 10 11 12 15 16 19 20 
1 3 6 8 9 10 11 15 16 19 20 
1 3 6 8 9 10 11 12 15 16 19 20 
1 3 6 8 9 10 11 12 15 16 19 20 
1 3 6 8 9 10 11 12 15 16 19 20 
1 3 6 8 9 10 11 12 15 16 19 20 
1 3 6 8 9 10 11 12 15 16 19 20 
1 3 6 8 9 10 11 12 15 16 19 20 
1 3 6 8 9 10 11 12 15 16 19 20 
1 3 8 9 10 11 12 15 16 19 20 
1 3 6 7 8 9 10 11 12 15 16 18 19 20 
1 3 6 7 8 9 11 16 18 
1 3 6 8 9 10 11 12 15 16 19 20 
1 3 6 8 9 10 11 12 15 16 19 20 
1 3 6 8 9 10 11 12 15 16 19 
1 3 6 8 9 10 11 12 15 16 19 20 
1 3 6 8 9 10 11 12 15 16 19 20 
1 3 6 7 8 9 11 16 18 
1 3 8 9 10 11 12 15 16 19 20 
1 3 6 8 9 10 11 12 15 16 19 20 
1 3 6 8 9 10 11 12 15 16 19 20 
1 3 6 8 9 10 11 12 15 16 19 20 
1 3 6 8 9 10 11 12 15 16 19 20 
1 3 6 8 9 10 11 12 15 16 19 20 
1 3 6 8 9 10 11 12 15 16 19 20 
1 3 6 8 9 10 11 12 15 16 19 20 
1 3 6 9 10 11 12 15 16 19 20 
1 3 6 8 9 10 11 12 15 16 19 20 
1 3 6 8 9 10 11 12 15 16 19 20 
1 3 6 7 8 9 11 16 18 
1 3 6 8 9 10 11 12 15 16 19 20 
1 3 6 8 9 11 12 16 19 20 
1 3 6 7 8 9 11 16 18 
1 3 6 8 9 10 11 12 15 16 19 20 
1 3 6 8 9 10 11 12 15 16 19 20 
1 3 6 8 9 10 11 12 15 16 19 20 
1 3 6 8 9 10 11 12 15 16 19 20 
1 3 6 7 8 9 10 11 12 15 16 18 19 20 
1 3 6 8 9 10 11 12 15 16 19 20 
1 3 6 8 9 10 11 12 15 16 20 
1 3 6 8 9 10 11 12 15 16 19 20 
1 3 6 8 9 10 11 12 15 16 19 20 
1 3 6 8 9 10 11 12 15 16 
1 3 6 8 9 10 11 12 15 16 19 20 
1 3 6 8 9 10 11 12 15 16 19 20 
1 3 6 8 9 10 11 12 15 16 19 20 
1 3 6 8 9 10 11 12 15 16 19 20 
1 3 6 8 9 10 11 12 15 16 19 20 
1 3 6 8 9 10 11 12 15 16 19 20 
1 3 6 8 9 10 11 12 15 16 19 20 
1 3 6 8 9 10 11 12 15 16 19 20 
1 3 6 8 9 10 11 12 15 16 19 20 
1 3 6 8 9 10 11 12 15 16 19 20 
1 3 6 8 9 10 11 12 15 16 19 20 
1 3 6 8 9 10 11 12 15 16 19 20 
1 3 6 8 9 10 11 12 15 16 19 20 
1 3 6 8 9 10 11 12 15 16 19 20 
1 3 6 7 8 9 11 16 18 
1 3 6 8 9 10 11 12 15 16 19 20 
1 3 6 8 9 10 11 12 15 16 19 20 
1 3 6 8 9 10 11 12 15 16 19 
1 3 6 8 9 10 11 12 15 16 19 20 
1 3 6 8 9 10 11 12 15 16 19 20 
1 3 6 7 8 9 11 16 18 
1 3 6 8 9 10 11 12 15 16 19 20 
1 3 6 8 9 10 11 12 15 16 19 20 
1 3 6 8 9 10 11 12 15 16 19 20 
1 3 6 8 9 10 11 15 16 19 20 
1 3 6 8 9 10 11 12 15 16 19 20 
1 3 6 8 9 10 11 12 15 16 19 20 
1 3 6 8 9 10 11 12 15 16 19 20 
1 3 6 8 9 10 11 12 15 16 19 20 
1 3 6 8 9 10 11 12 15 16 19 20 
1 3 6 8 9 10 11 12 15 16 19 20 
1 3 6 8 9 10 11 12 15 16 19 20 
1 3 6 7 8 9 10 11 12 15 16 18 19 20 
1 3 6 8 9 10 11 12 15 16 19 20 
1 3 6 8 9 10 11 12 15 16 19 20 
1 3 6 8 9 10 11 12 15 16 19 20 
1 3 6 8 9 10 11 12 15 16 19 20 
1 3 6 8 9 10 11 12 15 16 19 20 
1 3 6 8 9 10 11 12 15 16 19 20 
1 3 6 8 9 10 11 12 15 16 19 20 
1 3 6 8 9 10 11 12 15 16 19 20 
1 3 6 8 9 10 11 12 15 16 19 20 
1 3 6 9 10 11 12 15 16 19 20 
1 3 6 7 8 9 10 11 12 15 16 18 19 20 
1 3 6 8 9 10 11 12 15 16 19 20 
1 3 6 8 9 10 11 12 15 16 19 20 
1 3 6 8 9 10 11 12 15 16 19 20 
1 3 6 8 9 10 11 12 15 16 19 20 
1 3 6 8 9 10 11 12 16 19 20 
1 3 6 8 9 10 11 12 15 16 19 20 
1 3 6 8 9 10 11 12 15 16 19 20 
1 3 6 8 9 10 11 12 15 16 19 20 
1 3 6 7 8 9 11 16 18 
1 3 6 8 9 10 11 12 15 16 19 20 
1 3 6 8 9 10 11 12 15 16 19 20 
1 3 6 8 9 10 11 12 15 16 19 20 
1 3 6 8 9 10 11 12 15 16 19 20 
1 3 6 7 8 9 10 11 12 15 16 18 19 20 
1 3 6 7 8 9 11 16 18 
1 3 6 8 9 10 11 12 15 16 19 20 
1 3 6 7 8 9 11 16 18 
1 3 6 8 9 10 11 12 15 16 19 20 
1 3 6 8 9 10 11 12 15 16 19 20 
1 3 6 8 9 10 11 12 15 16 19 20 
1 3 6 8 9 10 11 12 15 16 19 20 
1 3 6 8 9 10 11 12 15 16 19 20 
1 3 6 8 9 10 11 12 15 16 20 
1 3 6 8 9 10 11 12 15 16 19 20 
1 3 6 8 9 10 12 15 16 19 20 
1 3 6 8 9 10 11 12 15 16 19 20 
1 3 6 8 9 10 11 12 15 16 19 20 
1 3 6 8 9 10 11 12 15 16 19 20 
1 3 6 7 8 9 11 16 18 
1 3 6 8 10 11 12 15 16 19 20 
1 3 8 9 10 11 12 15 16 19 20 
1 6 8 9 10 11 12 15 16 19 20 
1 3 6 8 9 10 11 12 15 16 19 20 
1 3 8 10 11 12 15 16 19 20 
1 3 6 8 9 10 11 12 15 16 19 20 
1 3 6 8 9 10 11 12 15 16 20 
1 3 6 8 9 10 11 12 15 16 19 20 
1 3 6 8 9 10 11 12 15 16 19 20 
1 3 6 8 9 10 11 12 15 16 19 20 
1 3 6 8 9 10 11 12 15 16 19 20 
1 3 6 8 9 10 11 12 15 16 19 20 
1 3 6 8 9 10 11 12 15 16 19 20 
1 3 6 8 9 10 11 12 15 16 19 20 
1 3 6 8 9 10 11 12 15 16 19 20 
1 3 6 8 9 10 11 12 15 16 19 20 
1 3 6 8 9 10 11 12 15 16 19 20 
1 3 6 8 10 11 12 15 16 19 20 
1 3 6 8 9 10 11 12 15 16 19 20 
1 3 6 8 9 10 11 12 15 16 19 20 
1 3 6 8 9 10 11 12 15 16 19 20 
1 3 6 8 9 10 11 12 15 16 19 20 
1 3 6 8 9 10 11 12 15 16 19 20 
1 3 6 8 9 10 11 12 15 16 19 20 
1 3 6 8 9 10 11 12 15 16 19 20 
1 6 8 9 10 11 12 15 16 19 20 
1 3 6 8 9 10 11 12 15 16 19 20 
1 3 6 8 9 10 11 12 15 16 19 20 
1 3 6 8 9 10 11 12 15 16 19 20 
1 3 6 8 9 10 11 12 15 16 19 20 
1 3 6 8 9 10 11 12 15 16 19 20 
1 3 6 8 9 10 11 12 15 16 19 20 
1 3 6 8 9 10 11 12 15 16 19 20 
1 3 6 8 9 10 11 12 15 16 19 20 
1 3 6 8 9 10 12 15 16 19 20 
1 3 6 8 9 10 11 12 15 16 19 20 
1 3 6 8 9 10 11 12 15 16 19 20 
1 3 6 7 8 9 11 16 18 
1 3 6 8 9 10 11 12 15 16 19 20 
1 3 6 8 9 10 11 12 15 16 19 20 
1 3 6 8 9 10 11 12 15 16 19 20 
1 3 6 8 9 10 11 12 15 16 19 20 
1 3 6 8 9 10 11 12 15 16 19 20 
1 6 8 9 10 11 12 15 16 19 20 
1 3 6 8 9 10 11 12 15 16 19 20 
1 3 6 8 9 10 11 15 16 19 20 
1 3 6 8 9 10 11 12 15 16 19 20 
1 3 6 8 9 10 11 12 15 16 20 
3 6 9 10 11 12 15 16 19 20 
1 3 6 8 9 10 11 12 15 16 19 20 
1 3 6 8 9 10 12 15 16 19 20 
1 3 6 8 9 10 11 12 15 16 19 20 
1 3 6 8 9 10 11 12 15 16 19 20 
1 3 6 8 9 10 11 12 15 16 19 20 
1 3 6 8 9 10 11 12 15 16 19 20 
1 3 6 8 9 10 11 12 15 16 19 20 
1 3 6 8 9 10 11 12 15 16 19 20 
1 3 6 7 8 9 10 11 12 15 16 18 19 20 
1 3 6 8 9 10 11 12 15 16 19 20 
3 6 8 9 10 11 12 15 16 19 20 
1 3 6 8 9 10 11 12 15 16 19 20 
1 3 6 8 9 10 11 12 15 16 19 20 
1 3 6 8 9 10 11 12 15 16 19 20 
1 3 6 8 9 10 11 12 15 16 19 20 
1 3 6 8 9 10 11 12 15 16 19 20 
1 3 6 8 9 10 11 12 15 16 19 20 
1 3 6 7 8 9 10 11 12 15 16 18 19 20 
1 3 6 8 9 10 11 12 15 16 19 20 
1 3 6 8 9 10 11 12 16 19 20 
1 3 6 8 9 10 11 12 15 16 19 20 
1 3 6 8 9 10 11 12 15 16 19 20 
1 3 6 8 9 10 11 12 15 16 19 20 
1 3 8 9 10 11 12 15 16 19 20 
1 3 6 8 9 10 11 12 15 16 19 20 
1 3 6 8 9 10 11 12 15 16 19 20 
1 3 6 8 9 10 11 12 15 16 19 20 
1 3 6 8 9 10 11 12 15 16 19 20 
1 3 6 8 9 10 11 12 15 16 19 20 
1 3 6 8 9 10 11 12 15 16 19 20 
1 3 6 8 9 10 11 12 15 16 19 20 
1 3 6 8 9 10 11 12 15 16 19 20 
1 3 6 8 9 10 11 12 15 16 19 20 
1 3 6 8 9 10 11 12 15 16 19 20 
1 3 6 8 9 10 11 12 15 16 19 20 
1 3 6 8 9 10 11 12 15 16 19 20 
1 3 6 8 9 10 11 12 15 16 19 
1 3 6 8 9 10 11 12 15 16 19 20 
1 3 6 8 9 10 11 12 15 16 19 20 
1 3 6 8 9 10 11 12 15 16 19 20 
1 3 6 7 8 9 10 11 12 15 16 18 19 20 
1 3 6 8 9 10 11 12 15 16 19 20 
1 3 6 7 8 9 10 11 12 15 16 18 19 20 
1 3 6 8 9 10 11 12 15 16 19 20 
1 3 6 8 9 10 11 12 15 16 19 20 
1 3 6 8 9 10 11 12 15 16 19 20 
1 3 6 8 9 10 11 12 15 16 19 20 
1 3 6 8 9 10 11 12 15 16 19 20 
1 3 6 8 9 10 11 12 15 16 19 20 
1 3 6 8 9 10 11 12 15 16 19 20 
1 3 6 7 8 9 10 11 12 15 16 18 19 20 
1 3 6 8 9 10 11 12 15 16 19 20 
1 3 6 8 9 10 11 12 15 16 20 
1 3 6 8 9 10 11 12 15 16 19 20 
1 3 6 8 9 10 11 12 15 16 19 20 
1 3 6 8 9 10 11 12 15 16 19 20 
3 6 8 9 10 11 12 16 19 20 
1 3 6 8 9 10 11 12 15 16 19 20 
1 3 6 8 9 10 11 12 15 16 19 20 
1 3 6 8 9 10 11 12 15 16 19 20 
1 3 6 8 9 10 11 12 15 16 19 20 
1 3 6 7 8 9 11 16 18 
1 3 6 8 9 10 11 12 15 16 19 20 
1 3 6 8 9 10 11 12 15 16 19 20 
1 3 6 8 9 10 11 12 15 16 19 20 
1 3 6 8 9 10 11 12 15 16 19 20 
1 3 6 7 8 9 10 11 12 15 16 18 19 20 
1 3 6 8 9 10 11 15 16 19 20 
1 3 6 8 9 10 11 12 15 16 19 20 
1 3 6 8 9 10 11 12 15 16 19 20 
1 3 6 8 9 10 11 12 15 16 19 20 
3 6 8 9 10 11 15 16 19 20 
1 3 6 8 9 10 11 12 15 16 19 20 
1 3 6 7 8 9 10 11 12 15 16 18 19 20 
1 3 6 8 9 10 11 12 15 16 19 20 
1 3 6 8 10 11 12 15 16 
1 3 6 8 9 10 11 12 15 16 19 20 
1 3 6 8 9 10 11 12 15 16 19 20 
1 3 6 8 9 10 11 12 15 16 19 20 
1 3 6 8 9 10 11 12 15 16 19 20 
1 3 6 8 9 10 11 12 15 16 19 20 
1 3 6 8 9 10 12 15 16 
1 3 6 8 9 10 11 12 15 16 19 20 
1 3 6 8 9 10 11 12 15 16 19 20 
1 3 6 8 9 10 11 12 15 16 19 20 
1 3 6 8 9 10 11 12 15 16 19 20 
1 3 6 8 9 10 11 12 15 16 19 20 
1 3 6 8 9 10 11 12 15 16 19 20 
1 3 6 8 9 10 11 12 15 16 19 20 
1 3 6 7 8 9 11 16 18 
1 3 6 8 9 10 11 12 15 16 19 20 
1 3 6 8 9 10 11 12 15 16 19 20 
1 3 6 8 9 10 11 12 15 16 19 20 
1 3 6 8 9 10 11 12 15 16 19 20 
1 3 6 8 9 10 11 12 15 16 19 20 
1 3 6 8 9 10 11 12 15 16 19 20 
1 3 6 8 9 10 11 12 15 16 19 20 
1 3 6 8 9 10 11 12 15 16 19 20 
1 3 6 8 9 10 11 12 15 16 19 20 
1 3 6 8 9 10 11 12 15 16 19 20 
1 3 6 8 9 10 11 12 15 16 19 20 
1 6 8 9 10 11 12 15 16 19 20 
1 3 6 8 9 10 11 12 15 16 19 20 
1 3 6 8 9 10 11 12 15 16 19 20 
1 3 6 8 9 10 11 12 15 16 19 20 
1 3 6 8 9 10 11 12 15 16 19 20 
1 3 6 8 9 10 11 12 15 16 19 20 
1 3 6 7 8 9 11 16 18 
1 3 6 8 9 10 11 12 15 16 19 20 
1 3 6 8 9 10 11 12 15 16 19 20 
1 3 6 7 8 9 10 11 12 15 16 18 19 20 
1 3 6 8 9 10 11 12 15 16 19 20 
1 3 6 8 9 10 11 12 15 16 19 20 
1 3 6 8 9 10 11 12 15 16 19 20 
1 3 6 8 9 10 11 12 15 16 19 20 
1 3 6 8 9 10 11 12 15 16 19 20 
1 3 6 8 9 10 11 12 15 16 19 20 
1 3 6 8 9 10 11 12 15 16 19 20 
1 3 6 8 9 10 11 12 15 16 19 20 
1 3 6 8 9 10 11 12 15 16 19 20 
1 3 6 8 9 10 11 12 15 16 19 20 
1 3 6 7 8 9 11 16 18 
1 3 6 8 9 10 11 12 15 16 19 20 
1 3 6 8 9 10 11 12 15 16 19 20 
1 3 6 8 9 10 11 12 15 16 19 20 
1 3 6 8 10 11 12 15 16 19 20 
1 3 6 8 9 10 11 12 15 16 19 20 
1 3 6 8 9 10 11 12 15 16 19 20 
1 3 6 8 9 10 11 12 15 16 19 20 
1 3 6 8 9 10 11 12 15 16 19 20 
1 3 6 7 8 9 10 11 12 15 16 18 19 20 
1 3 6 8 9 10 11 12 15 16 19 20 
1 3 6 8 9 10 11 12 15 16 19 20 
1 3 6 8 9 10 11 12 15 16 19 20 
1 3 6 7 8 9 10 11 12 15 16 18 19 20 
1 3 6 8 9 10 11 12 15 16 19 20 
1 3 6 7 8 9 10 11 12 15 16 18 19 20 
1 3 6 8 9 10 11 12 15 16 19 20 
1 3 6 8 9 10 11 12 15 16 19 20 
1 3 6 8 9 10 11 12 15 16 19 20 
1 3 6 8 9 10 11 15 16 19 
1 3 6 8 9 10 11 12 15 16 19 20 
1 3 6 8 9 10 11 12 15 16 19 20 
1 3 6 8 9 10 11 12 15 16 19 20 
1 3 6 8 9 10 11 12 15 16 19 20 
1 3 6 8 9 10 11 12 15 16 19 20 
3 6 9 10 11 12 15 16 19 20 
1 3 6 8 9 10 11 12 15 16 19 20 
1 3 6 7 8 9 11 16 18 
1 3 6 7 8 9 11 16 18 
1 3 6 8 9 10 11 12 15 16 19 20 
1 3 6 8 9 10 11 12 15 16 19 20 
1 3 6 8 9 10 11 12 15 16 19 20 
1 3 6 8 9 10 11 12 15 16 19 20 
1 3 6 8 9 10 11 12 15 16 19 20 
1 3 6 8 9 10 11 12 15 16 19 20 
1 3 6 8 9 10 11 12 15 16 19 20 
1 3 6 8 9 10 11 12 15 16 19 20 
1 3 6 8 9 10 11 12 15 16 19 20 
1 3 6 8 9 10 11 12 15 16 19 20 
1 3 6 8 9 10 11 12 15 16 19 20 
1 3 6 8 9 10 11 12 15 16 19 20 
1 3 6 8 9 10 11 12 15 16 19 20 
1 3 8 9 10 11 12 15 16 19 20 
1 3 6 8 9 10 11 12 15 16 19 20 
1 3 6 8 9 10 11 12 15 16 19 20 
1 3 6 8 9 10 11 12 15 16 19 20 
1 3 6 8 9 10 11 12 15 16 19 20 
1 3 6 8 9 10 11 12 15 16 19 20 
1 3 6 8 9 10 11 12 15 16 19 20 
1 3 6 8 9 10 11 12 15 16 19 20 
1 3 6 8 9 10 11 12 15 16 19 20 
1 3 6 8 9 10 11 12 15 16 19 20 
1 3 6 8 9 10 11 12 15 16 19 20 
1 3 6 8 9 10 11 12 15 16 19 20 
1 3 6 8 9 10 11 12 15 16 19 20 
1 3 6 8 9 10 11 12 15 16 19 20 
1 3 6 8 9 10 11 12 15 16 19 20 
1 3 6 8 9 10 11 12 15 16 19 20 
1 3 6 8 9 10 11 12 15 16 19 20 
1 3 6 8 9 10 11 12 15 16 19 20 
1 3 6 8 9 10 11 12 15 16 19 20 
1 3 6 8 10 11 12 15 16 19 20 
1 3 6 8 9 10 11 12 15 16 19 20 
1 3 6 8 9 10 11 12 15 16 19 20 
1 3 6 8 9 10 11 12 15 16 19 20 
1 3 6 8 9 10 11 12 15 16 19 20 
3 6 8 9 10 11 12 15 16 19 20 
1 3 6 8 9 10 11 12 15 16 19 20 
1 3 6 8 9 10 11 12 15 16 19 20 
1 3 6 8 9 10 11 12 15 16 19 20 
1 3 6 8 9 10 11 12 15 16 19 20 
1 3 6 8 9 10 11 12 15 16 19 20 
1 3 6 8 9 10 11 15 16 19 20 
1 3 6 7 8 9 11 16 18 
1 3 6 8 9 10 11 12 15 16 19 20 
1 3 6 8 9 10 11 12 15 16 19 20 
1 3 6 8 9 10 11 12 15 16 19 20 
1 3 6 8 9 10 11 12 15 16 19 20 
1 3 6 7 8 9 10 11 12 15 16 18 19 20 
1 3 6 8 9 10 11 12 15 16 19 20 
1 3 6 8 9 10 11 12 15 16 19 20 
1 3 6 8 9 10 11 12 15 16 19 20 
1 3 6 8 9 10 11 12 15 16 19 20 
1 3 6 7 8 9 11 16 18 
1 3 8 9 10 11 12 15 19 20 
1 3 6 8 9 10 11 12 15 16 19 20 
1 3 6 8 9 10 11 12 15 16 19 20 
1 3 6 8 9 10 11 12 15 16 19 20 
1 3 6 8 9 10 11 12 15 16 19 20 
1 3 6 8 9 10 11 12 15 16 19 20 
1 3 6 8 9 10 11 12 15 16 19 
1 3 6 8 9 10 11 12 15 16 19 20 
1 3 6 8 9 10 11 12 15 16 19 20 
1 3 6 8 9 10 11 12 15 16 19 20 
1 3 6 8 9 10 11 12 15 16 19 20 
1 3 6 8 9 10 11 12 15 16 19 20 
1 3 6 8 9 10 11 12 15 16 19 20 
1 3 6 8 9 10 11 12 15 16 19 20 
1 3 6 8 9 10 11 12 15 16 19 20 
1 3 6 8 9 10 11 12 15 16 19 20 
1 3 6 7 8 9 10 11 12 15 16 18 19 20 
1 3 6 8 9 10 11 12 15 16 19 20 
1 3 6 8 9 10 11 12 15 16 19 20 
1 3 6 8 9 10 11 12 15 16 19 20 
1 3 6 8 9 10 11 12 15 16 19 20 
1 3 6 8 9 10 11 12 15 16 19 20 
1 3 6 8 9 10 11 12 15 16 19 20 
1 3 6 8 9 10 11 12 15 16 19 20 
1 3 6 8 9 10 11 12 15 16 19 20 
1 3 6 8 9 10 11 12 15 16 19 20 
1 3 6 8 9 10 11 12 15 16 19 20 
1 3 6 8 9 10 11 12 15 16 19 20 
1 3 6 8 9 10 11 12 15 16 19 20 
1 3 6 8 9 10 11 12 15 16 19 20 
1 3 6 8 9 10 11 12 15 16 19 20 
1 3 6 8 9 10 11 12 15 16 19 20 
1 3 6 8 9 10 11 12 15 16 19 20 
1 3 6 8 9 10 11 12 15 16 19 20 
1 3 6 8 9 10 11 12 15 16 19 20 
1 3 6 8 9 10 11 12 15 16 19 20 
1 3 6 7 8 9 11 16 18 
1 3 6 8 9 10 11 12 15 16 19 20 
1 3 6 7 8 9 10 11 12 15 16 18 19 20 
1 3 6 9 10 11 12 15 16 19 20 
1 3 6 8 9 10 11 12 15 16 19 20 
1 3 6 7 8 9 11 16 18 
1 3 6 8 9 10 11 12 15 16 19 20 
1 3 6 8 9 10 11 12 15 16 19 20 
3 6 9 10 11 12 15 16 19 20 
1 3 6 8 9 10 11 12 15 16 19 20 
1 3 6 8 9 10 11 12 15 16 19 20 
1 3 6 7 8 9 11 16 18 
3 6 8 9 10 11 12 15 16 19 20 
1 3 6 8 9 10 11 12 15 16 19 20 
1 3 6 8 9 10 11 12 15 16 19 20 
1 3 6 7 8 9 11 16 18 
1 3 6 7 8 9 10 11 12 15 16 18 19 20 
1 3 6 8 9 10 11 12 15 16 19 20 
1 3 6 8 9 10 11 12 15 16 19 20 
1 3 6 8 9 10 11 12 15 16 19 20 
1 3 6 8 9 10 11 12 15 16 19 20 
1 3 6 8 9 10 12 15 16 19 20 
1 3 6 8 9 10 11 12 15 16 19 20 
1 3 6 7 8 9 11 16 18 
1 3 6 8 9 10 11 12 15 16 19 20 
1 3 6 7 8 9 10 11 12 15 16 18 19 20 
1 3 6 8 9 10 11 12 15 16 19 20 
1 3 6 8 9 10 11 12 15 16 19 20 
1 3 6 8 9 10 11 12 15 16 19 20 
1 3 6 8 9 10 11 12 15 16 19 
1 3 6 8 9 10 11 12 15 16 19 20 
1 3 6 8 9 10 11 12 15 16 19 20 
1 3 6 8 9 10 11 12 15 16 19 20 
1 3 6 8 9 10 11 12 15 16 19 20 
1 3 6 7 8 9 11 16 18 
1 3 6 8 9 10 11 12 15 16 19 20 
1 3 6 8 9 11 12 15 16 19 20 
1 3 6 8 9 10 11 12 15 16 19 20 
1 3 6 8 9 10 11 12 15 16 19 20 
1 3 6 8 11 12 16 19 20 
1 3 6 8 9 10 11 12 15 16 19 20 
1 3 6 8 9 10 11 12 15 16 19 20 
1 3 6 8 9 10 11 12 15 16 19 20 
1 3 6 8 9 10 11 12 15 16 19 20 
1 3 6 8 9 10 11 12 15 16 19 20 
1 3 6 8 9 11 12 15 16 19 20 
3 6 8 9 10 11 12 15 16 19 20 
1 3 6 7 8 9 11 16 18 
1 3 6 8 9 10 11 12 15 19 20 
1 3 6 7 8 9 11 16 18 
1 3 6 8 9 10 11 12 15 16 19 20 
1 3 6 8 9 10 11 12 15 16 19 20 
1 3 6 7 8 9 11 16 18 
1 3 6 8 9 10 11 12 15 16 19 20 
1 3 6 8 9 10 11 12 15 16 19 20 
1 3 6 8 9 10 11 12 15 16 19 20 
1 3 6 8 9 10 11 12 15 16 19 
1 3 6 8 9 10 11 12 15 16 19 20 
1 3 6 8 9 10 11 12 15 16 19 20 
1 3 6 7 8 9 10 11 12 15 16 18 19 20 
1 3 6 8 9 10 11 15 16 19 20 
1 3 6 8 9 10 11 12 15 16 19 20 
1 3 6 8 9 10 11 12 15 16 19 20 
1 3 6 8 9 10 11 12 15 16 19 20 
1 3 6 8 9 10 11 12 15 16 19 20 
1 3 6 8 9 10 11 12 15 16 19 20 
1 3 6 8 9 10 11 12 15 16 19 20 
1 3 6 8 9 10 11 12 15 16 19 20 
1 3 6 8 9 10 11 12 15 16 19 20 
1 3 6 8 9 10 11 12 15 16 19 20 
3 6 8 9 10 11 12 15 16 19 20 
1 3 6 8 9 10 11 12 15 16 19 
1 3 6 8 9 10 11 12 15 16 19 20 
1 3 6 8 9 10 11 12 15 16 19 20 
1 3 6 8 9 10 11 12 15 16 19 20 
1 3 6 8 9 10 11 12 15 16 19 20 
1 3 6 8 9 10 11 12 15 16 19 20 
1 6 8 9 10 11 12 15 16 19 20 
1 3 6 8 9 10 11 12 15 16 19 20 
1 3 6 8 9 10 11 12 15 16 19 20 
1 3 6 8 9 10 11 12 15 16 19 20 
1 3 6 8 9 10 11 12 15 16 19 20 
1 3 6 8 9 10 11 12 15 16 19 20 
1 3 6 8 9 10 11 12 15 16 19 20 
1 3 6 8 9 10 11 12 15 16 19 20 
1 3 6 8 9 10 11 12 15 16 19 20 
1 3 6 8 9 10 11 12 15 16 19 20 
1 3 6 8 9 10 11 12 15 16 19 20 
1 3 6 8 9 10 11 12 15 16 19 20 
1 3 6 7 8 9 11 16 18 
1 3 6 8 9 10 11 12 15 16 19 20 
1 3 6 8 9 10 11 12 15 16 19 20 
1 3 6 8 9 10 11 12 15 16 19 20 
1 3 6 8 9 10 11 12 15 16 19 20 
1 3 6 8 9 10 11 15 16 19 20 
1 3 6 8 9 10 11 12 15 16 19 20 
1 3 6 8 9 10 11 12 15 16 19 20 
1 3 6 8 9 10 11 12 15 16 19 20 
1 3 6 8 9 10 11 12 15 16 19 20 
1 3 6 8 9 10 11 12 15 16 19 20 
1 3 6 8 9 10 11 12 15 16 19 20 
1 3 6 8 9 10 11 12 15 16 19 20 
1 3 6 8 9 10 11 12 15 16 19 20 
1 3 6 8 9 10 11 12 15 16 19 20 
1 3 6 8 9 10 11 12 15 16 19 20 
1 3 6 8 9 10 11 12 15 16 19 20 
1 3 6 7 8 9 11 16 18 
1 3 6 8 9 10 11 12 15 16 19 20 
1 3 6 8 9 10 11 12 15 16 19 20 
1 3 6 8 9 10 11 12 15 16 19 20 
1 3 6 8 9 10 11 12 15 16 19 20 
1 3 6 8 9 10 11 12 15 16 19 20 
1 3 6 8 9 10 11 12 15 16 19 20 
1 3 6 8 9 10 11 12 15 16 19 20 
1 3 6 8 9 10 11 12 15 16 19 20 
1 3 6 8 9 10 11 12 15 16 19 20 
1 3 6 8 9 10 11 12 15 16 19 20 
1 3 6 8 9 10 11 12 15 16 19 20 
1 3 6 8 9 10 11 12 15 16 19 20 
1 3 6 8 9 10 11 12 15 16 19 20 
1 3 6 8 9 10 11 12 15 16 19 20 
1 3 6 9 10 11 12 15 16 19 20 
1 3 6 7 8 9 10 11 12 15 16 18 19 20 
1 3 6 8 9 10 11 12 15 16 19 20 
1 3 6 8 9 10 11 12 15 16 19 20 
1 3 6 8 9 10 11 12 15 16 19 20 
1 3 6 8 9 10 11 12 15 16 19 20 
1 3 6 8 9 10 11 12 15 16 19 20 
1 3 6 8 9 10 11 12 15 16 19 20 
1 3 6 7 8 9 11 16 18 
1 3 6 8 9 10 11 12 15 16 19 20 
1 3 6 8 9 10 11 12 15 16 19 20 
1 3 6 8 9 10 11 12 15 16 19 20 
1 3 6 8 9 10 11 12 15 16 19 20 
1 3 6 8 9 10 11 12 15 16 19 20 
1 3 6 8 9 10 11 12 15 16 19 20 
1 3 6 7 8 9 10 11 12 15 16 18 19 20 
1 3 6 8 9 10 11 12 15 16 19 20 
1 3 6 7 8 9 11 16 18 
1 3 6 8 9 10 11 12 15 16 19 20 
1 3 6 8 9 11 12 15 16 19 20 
1 3 6 7 8 9 11 16 18 
1 3 6 8 9 10 11 12 15 16 19 20 
1 3 6 7 8 9 10 11 12 15 16 18 19 20 
1 3 6 7 8 9 10 11 12 15 16 18 19 20 
1 3 6 8 9 10 11 12 16 19 20 
1 3 6 8 9 10 11 12 15 16 19 20 
1 3 6 8 9 10 11 12 15 16 19 20 
1 3 6 8 9 10 11 12 15 16 19 20 
1 6 8 9 10 11 12 15 16 19 20 
1 3 6 8 9 10 11 12 15 16 19 20 
1 3 6 8 9 10 11 12 15 16 19 20 
1 3 6 8 9 10 11 12 15 16 19 20 
1 3 6 8 9 10 11 12 15 16 19 20 
1 3 6 8 9 10 11 12 15 16 19 20 
1 3 6 8 9 10 11 12 15 16 19 20 
1 3 6 8 9 10 11 12 15 16 19 20 
1 3 6 8 9 10 11 12 15 16 19 20 
1 3 6 7 8 9 11 16 18 
1 3 6 8 9 10 11 12 15 16 19 20 
1 3 6 8 9 10 11 12 15 16 19 20 
1 3 6 8 9 10 11 12 15 16 19 20 
1 3 6 7 8 9 11 16 18 
1 3 6 8 9 10 11 12 15 16 19 20 
1 3 6 8 9 10 11 12 15 16 19 20 
1 3 6 8 9 10 11 12 15 16 19 20 
1 3 6 8 9 10 11 12 15 16 19 20 
1 3 6 8 9 10 11 12 15 16 19 20 
1 3 6 8 10 11 12 15 16 19 20 
1 3 6 8 9 10 11 12 15 16 19 20 
1 3 6 8 9 10 11 12 15 16 20 
1 3 6 8 9 10 11 12 16 19 20 
1 3 6 8 9 10 11 12 15 16 19 20 
1 3 6 8 9 10 11 12 15 16 19 20 
1 3 6 8 9 10 11 12 15 16 19 20 
1 3 6 9 10 11 12 15 16 19 20 
1 3 6 8 9 10 11 12 15 16 19 20 
1 3 6 8 9 10 11 12 15 16 19 20 
1 3 6 8 9 10 11 12 15 16 19 20 
1 3 6 8 9 10 11 12 15 16 19 20 
1 3 6 8 9 10 11 12 15 16 19 20 
1 3 6 8 9 10 11 12 15 16 19 20 
1 3 6 8 9 10 11 12 15 16 19 20 
1 3 6 8 9 10 11 12 15 16 19 20 
1 3 6 8 9 10 11 12 15 16 19 20 
1 3 6 8 9 10 11 12 15 16 19 20 
1 3 6 8 9 10 11 12 15 16 19 20 
3 6 8 9 10 11 12 15 16 19 20 
1 3 6 7 8 9 10 11 12 15 16 18 19 20 
1 3 6 8 9 10 11 12 15 16 19 20 
1 3 6 8 9 10 11 12 15 16 19 20 
1 3 6 8 9 10 11 12 15 16 19 20 
1 3 6 8 9 10 11 12 15 16 19 20 
1 3 6 8 9 10 11 12 15 16 19 20 
1 3 6 8 9 10 11 12 15 16 19 20 
1 3 6 8 9 10 11 12 15 16 19 20 
1 3 6 8 9 10 11 12 15 16 19 20 
1 3 6 8 9 10 11 12 15 16 19 20 
1 3 6 8 9 10 11 12 15 16 19 20 
1 3 6 8 9 10 11 12 15 16 19 20 
1 3 6 8 9 10 11 12 15 16 19 20 
1 3 6 8 9 10 11 12 15 16 19 20 
1 3 6 8 9 10 11 12 15 16 19 20 
1 3 6 8 9 10 11 12 15 16 19 20 
1 3 6 7 8 9 10 11 12 15 16 18 19 20 
1 3 6 8 9 10 11 12 15 16 19 20 
1 3 6 8 9 10 11 12 15 16 19 20 
1 3 6 8 10 11 12 15 16 19 20 
1 3 6 8 9 10 11 12 15 16 19 20 
1 3 6 8 9 10 11 12 15 16 19 20 
1 3 6 8 9 10 11 12 15 16 19 20 
1 3 6 8 9 10 11 12 15 16 19 20 
1 3 6 8 9 10 11 12 15 16 19 20 
1 3 6 8 9 10 11 12 15 16 19 20 
1 3 6 8 9 10 11 12 15 16 19 20 
1 3 6 8 9 10 11 12 15 16 19 20 
1 3 6 8 9 10 11 12 16 19 20 
1 3 6 8 9 10 11 12 15 16 19 20 
1 3 6 8 9 10 11 12 15 16 19 
1 3 6 8 9 10 11 12 15 16 19 20 
1 3 6 8 9 10 11 12 15 16 19 20 
1 3 6 8 9 10 11 12 15 16 19 20 
1 3 6 8 9 10 11 12 15 16 19 20 
1 3 6 8 9 10 11 12 15 16 19 20 
1 3 6 8 9 10 11 12 15 19 20 
1 3 6 8 9 10 11 12 15 16 19 20 
1 3 6 8 9 10 11 12 15 16 19 20 
1 3 6 8 9 10 11 12 15 16 19 20 
1 3 6 8 9 10 11 12 15 16 19 20 
1 3 6 7 8 9 11 16 18 
1 3 6 8 9 10 11 12 15 16 19 20 
1 3 6 8 9 10 11 15 16 19 20 
1 3 6 9 10 11 12 15 16 19 20 
1 3 6 8 9 10 11 12 15 16 19 20 
1 6 8 9 10 11 12 15 16 19 20 
1 3 6 8 9 10 11 12 15 16 19 20 
1 3 6 8 9 10 11 12 15 16 19 20 
1 3 6 8 9 10 11 12 15 16 19 20 
1 3 6 8 9 10 11 12 15 16 19 20 
1 3 6 8 9 10 11 12 15 16 19 20 
1 3 6 8 9 10 11 12 15 16 19 20 
1 3 6 8 9 10 11 12 15 16 19 20 
1 3 6 8 9 10 11 12 15 16 19 20 
1 3 6 7 8 9 11 16 18 
1 3 6 8 9 10 11 12 15 16 19 20 
1 3 6 8 9 10 11 12 15 16 19 20 
1 3 6 7 8 9 11 16 18 
1 3 6 8 9 10 11 12 15 16 19 20 
1 3 6 8 9 10 11 12 15 16 19 20 
1 3 6 8 9 10 11 12 15 16 19 20 
1 3 6 8 9 10 11 12 15 16 19 20 
1 3 6 8 9 10 11 12 15 16 19 20 
1 3 6 8 9 10 11 12 15 16 19 20 
1 3 6 8 9 10 11 12 15 16 19 20 
1 3 6 8 9 10 11 12 15 16 19 20 
1 3 6 8 9 10 11 12 15 16 19 20 
1 3 6 8 9 10 11 12 15 16 19 20 
1 3 6 7 8 9 10 11 12 15 16 18 19 20 
1 3 6 8 9 10 11 12 15 16 19 20 
1 3 6 8 9 10 11 12 15 16 19 20 
1 3 6 8 9 10 11 12 15 16 19 20 
1 6 8 9 10 11 12 15 16 19 20 
1 3 6 8 9 10 11 12 15 16 19 20 
1 3 6 8 9 10 11 12 15 16 19 20 
1 3 6 8 9 10 11 12 15 16 19 20 
1 3 6 8 9 10 11 12 15 16 19 20 
1 3 6 8 9 10 11 12 15 16 19 20 
1 3 6 8 9 10 11 12 15 16 19 20 
1 3 6 8 9 10 11 12 15 16 19 20 
1 3 6 8 9 10 11 12 15 16 19 20 
1 3 6 8 9 10 11 12 15 16 19 20 
1 3 6 8 9 10 11 12 15 16 19 20 
1 3 6 8 9 10 11 12 15 16 19 20 
1 3 6 8 9 10 11 12 15 16 19 20 
1 3 6 8 9 10 11 12 15 16 19 20 
1 3 6 8 9 10 11 12 15 16 19 20 
1 3 6 8 9 10 11 12 15 16 19 20 
1 3 6 8 9 10 11 12 15 16 19 20 
1 3 6 8 9 10 11 12 15 16 19 20 
1 3 6 8 9 10 11 12 15 16 19 20 
1 3 6 8 9 10 11 12 15 16 19 20 
1 3 6 8 9 10 11 12 15 16 19 20 
1 3 6 8 9 10 11 12 15 16 19 20 
1 3 6 8 9 10 11 12 15 16 19 20 
1 3 6 8 9 10 11 12 15 16 19 20 
1 3 6 8 9 10 11 12 15 16 19 20 
1 3 6 8 9 10 11 12 15 16 19 20 
1 3 6 8 9 10 11 12 15 16 19 20 
1 3 6 8 9 10 11 12 15 16 19 20 
1 3 6 8 9 10 11 12 15 16 19 20 
1 3 6 8 9 10 11 12 15 16 19 20 
1 3 6 7 8 9 11 16 18 
1 3 6 8 9 10 12 15 16 19 20 
1 3 6 8 9 10 11 12 15 16 19 20 
1 3 6 8 9 10 11 12 15 16 19 20 
1 3 6 8 9 10 11 12 15 16 19 20 
1 3 6 8 9 10 11 12 15 16 19 20 
1 3 6 8 9 10 11 12 15 16 19 20 
1 3 6 8 9 10 11 12 15 16 19 20 
1 3 6 8 9 10 11 12 15 16 19 20 
1 3 6 8 9 10 11 12 15 16 19 20 
1 3 6 8 9 10 11 12 15 16 19 20 
1 3 6 8 9 10 11 12 15 16 19 20 
1 3 6 8 9 10 11 12 15 16 19 20 
1 3 6 8 9 10 11 12 15 16 19 20 
1 3 6 8 9 10 11 12 15 16 19 20 
1 3 6 7 8 9 11 16 18 
1 3 6 8 9 10 11 12 15 16 19 20 
1 3 6 8 9 10 12 15 16 19 20 
1 3 6 8 9 10 11 12 15 16 19 20 
1 3 6 8 9 10 11 12 15 16 19 20 
1 3 6 8 9 10 11 12 15 16 19 20 
1 3 6 8 9 10 11 12 15 16 19 20 
1 3 6 9 10 11 12 15 16 19 20 
1 3 6 8 9 10 11 12 15 16 19 20 
1 3 6 8 9 10 11 12 15 16 19 20 
1 3 6 8 9 10 11 12 15 16 19 20 
1 3 6 8 9 10 11 12 15 16 19 20 
1 6 8 9 10 11 12 15 16 19 20 
1 3 6 8 9 10 11 12 15 16 19 20 
1 3 6 8 9 10 11 12 16 19 20 
1 3 6 8 9 10 11 12 15 16 19 20 
1 3 6 8 9 10 11 12 15 16 19 20 
1 3 6 8 9 10 11 12 15 16 19 20 
1 3 6 8 9 10 11 12 15 16 19 20 
1 3 6 8 9 10 11 12 15 16 19 20 
1 3 6 8 9 10 11 12 15 16 19 20 
1 3 6 8 9 10 11 12 15 16 19 20 
1 3 6 8 9 10 11 12 15 16 19 20 
1 3 6 8 9 10 11 12 15 16 19 20 
1 3 6 8 9 10 11 12 15 16 19 20 
1 3 6 8 9 10 11 12 15 16 19 20 
1 3 6 8 9 10 11 12 15 16 19 20 
1 3 6 8 9 10 11 12 15 16 19 20 
1 3 6 8 9 10 11 12 15 16 19 20 
1 3 6 8 9 10 11 12 15 16 19 20 
1 3 6 8 9 10 11 12 15 16 19 20 
1 3 6 8 9 10 11 12 15 16 19 20 
1 3 6 8 9 10 11 12 15 16 19 20 
1 3 6 8 9 10 11 12 15 16 19 20 
1 3 6 8 9 10 11 12 15 16 19 20 
1 3 6 8 9 10 11 12 15 16 19 20 
1 3 6 8 9 10 11 12 15 16 19 20 
1 3 6 9 10 11 12 15 16 19 20 
1 3 6 8 9 10 11 12 15 16 19 20 
1 3 6 8 9 10 11 12 15 16 19 20 
1 3 6 8 9 10 11 12 15 16 19 20 
1 3 6 8 9 10 11 12 15 16 19 20 
1 3 6 8 9 10 12 15 16 19 20 
1 3 6 8 9 10 11 12 15 16 19 20 
1 3 6 7 8 9 10 11 12 15 16 18 19 20 
1 3 6 8 9 10 11 12 15 16 19 20 
1 3 6 8 9 10 11 12 15 16 19 20 
1 3 6 8 9 10 11 12 15 16 19 20 
1 3 6 8 9 10 11 12 15 16 19 20 
1 3 6 8 9 10 11 12 15 16 19 20 
1 3 6 8 9 10 11 12 15 16 19 20 
1 3 6 8 9 10 11 12 15 16 19 20 
1 3 6 8 9 10 11 12 15 16 19 20 
1 3 6 8 9 10 11 12 15 16 19 20 
1 3 6 8 9 10 11 12 15 16 19 20 
1 3 6 8 9 10 11 12 15 16 19 20 
1 3 6 8 9 10 11 12 15 16 19 
1 3 6 8 9 10 11 12 15 16 19 20 
1 3 6 8 9 10 11 12 15 16 19 20 
1 3 6 8 9 10 11 12 15 16 19 20 
1 3 6 8 9 10 11 12 15 16 19 20 
1 3 6 8 9 10 11 12 15 16 19 20 
1 3 6 8 9 10 11 12 15 16 19 20 
1 3 6 8 9 10 11 12 15 16 19 20 
1 3 6 8 9 10 11 12 15 16 19 20 
1 3 6 8 9 10 11 12 15 16 19 20 
1 3 6 8 9 10 11 12 15 16 19 20 
1 3 6 7 8 9 11 16 18 
1 3 6 8 9 10 11 12 15 16 19 
1 3 6 8 9 10 11 12 15 16 19 20 
1 3 6 8 9 10 11 12 15 16 19 20 
1 3 6 7 8 9 11 16 18 
1 3 6 8 9 10 11 12 15 16 19 20 
1 3 6 8 9 10 11 12 15 16 19 20 
1 3 6 8 9 10 11 12 15 16 19 20 
1 3 6 8 9 10 11 12 15 19 20 
1 3 8 9 10 11 12 15 16 20 
1 3 6 8 9 10 11 12 15 16 19 20 
1 3 6 8 9 10 11 12 15 16 19 20 
1 3 6 8 9 10 11 12 15 16 19 20 
1 3 6 8 9 10 11 12 15 16 19 20 
1 3 6 8 9 10 11 12 15 16 19 20 
1 3 6 8 9 10 11 12 15 16 19 20 
1 3 6 7 8 9 11 16 18 
1 3 6 8 9 10 11 12 15 16 19 20 
1 3 6 8 9 10 11 12 15 16 19 20 
1 3 6 8 9 10 11 12 15 16 19 20 
1 3 6 8 9 10 11 12 15 16 19 20 
1 3 6 8 9 10 11 12 15 16 19 20 
1 3 6 8 9 10 11 12 15 16 19 20 
1 3 6 8 9 10 11 12 15 16 19 20 
1 3 6 8 9 10 11 12 15 16 19 20 
1 3 6 8 9 10 11 12 15 16 19 20 
1 3 6 8 9 10 11 12 15 19 20 
1 3 6 8 9 10 11 12 15 16 
1 3 6 8 9 10 11 12 15 16 19 20 
1 3 6 7 8 9 11 16 18 
1 3 6 8 9 10 11 12 15 16 19 20 
1 3 6 8 9 10 11 12 15 16 19 20 
1 3 6 8 9 10 11 12 15 16 19 20 
1 3 6 7 8 9 11 16 18 
1 3 6 8 9 10 11 12 15 16 19 20 
1 3 6 8 9 10 11 12 15 16 19 20 
1 3 6 8 9 10 11 12 15 16 19 20 
1 3 6 8 9 10 11 12 15 16 19 20 
1 3 6 8 9 10 11 12 15 16 19 20 
1 3 6 8 9 10 11 12 15 16 19 20 
1 3 6 8 9 10 11 12 15 16 19 20 
1 3 6 8 9 10 11 12 15 16 19 20 
1 3 6 8 9 10 11 12 15 16 19 20 
1 3 6 7 8 9 11 16 18 
1 3 6 8 9 10 11 12 15 16 19 20 
1 3 6 8 9 10 11 12 15 16 19 20 
