1084 4913 8177	(0.10480679702048418,0.07691651111102156,0.13269708292994678)
1856 4456 7159 3806 6254	(0.1460855058969584,0.1181952199874958,0.17397579180642103)
1856 8388 3806 6254	(0.14664804469273743,0.11920391024199611,0.17409217914347874)
1856 9194	(0.4518156424581006,0.42309124729972425,0.4805400376164769)
1856 9194 3806 6254	(0.1485296399751707,0.11986343848532324,0.17719584146501816)
2399 1856 7255 6254	(0.14757914338919925,0.11959186803218855,0.17556641874620998)
2399 216 7159 1560 6254	(0.1456393544382371,0.11881595245180368,0.17246275642467054)
2399 345 7159 1560	(0.14823867163252638,0.1211824949719775,0.17529484829307526)
2399 3806 1560 6254	(0.1477149286157666,0.11912631868395762,0.17630353854757558)
2399 3806 6254	(0.1523510242085661,0.12630353780251752,0.1783985106146147)
2399 384 8388	(0.152254034761018,0.12506207287390175,0.17944599664813424)
2399 9194 3806	(0.15140052762259465,0.12385940372430523,0.1789416515208841)
345 216	(0.4533092799503414,0.4250698320297056,0.4815487278709772)
345 216 3806 6254	(0.14922796399751706,0.12242395990059327,0.17603196809444088)
345 3806 1560	(0.15056641837368095,0.12203600211040083,0.17909683463696105)
4456 8388 6254	(0.15285536933581625,0.1264587209185945,0.17925201775303803)
4456 9194 7159 6254	(0.4340859714463066,0.4041201113593145,0.46405183153329876)
4552 3806 1560	(0.1093846989447548,0.08106765946608054,0.1377017384234291)
4552 496 9387 1560 6254	(0.11049037864680322,0.08281346952194645,0.13816728777165999)
4552 8205 1560	(0.11169304779639976,0.08386095555546601,0.13952514003733352)
4552 8205 9387 7255	(0.11136328367473619,0.08347299776527357,0.1392535695841988)
5269 8615 2225	(0.10534993792675357,0.07761483513336793,0.1330850407201392)
5494 1856 3806	(0.15174968963376784,0.12401458684038222,0.17948479242715348)
5494 384	(0.45344506517690875,0.4253026067038211,0.48158752364999646)
5494 384 7159 1560	(0.14837445685909373,0.12102731185590052,0.17572160186228694)
5494 8388 1560	(0.14984869646182494,0.12246275567961248,0.1772346372440374)
5609 4913 2225 9387	(0.1031967721911856,0.07590782085652124,0.13048572352584994)
7778 7255 3806	(0.14876241464928616,0.12110490341393901,0.17641992588463332)
7778 9194 7159 6254	(0.4345903165735568,0.4071849779018347,0.46199565524527886)
7778 9194 8388	(0.1516139044072005,0.12459652352567085,0.17863128528873015)
9387 7255 3806	(0.18872206703910616,0.16156890093100915,0.21587523314720314)
