1084 4913 2225 9387	(0.10389509621353196,0.07664494065788686,0.13114525176917707)
1084 8177	(0.10649441340782123,0.08048572278079189,0.13250310403485055)
1856 345 7159 7255 6254	(0.14509621353196772,0.11644940993162989,0.17374301713230555)
1856 4456 7159 6254	(0.4350364680322781,0.4059047171941997,0.4641682188703565)
1856 7159 7255 6254	(0.14847144630664183,0.12230757256353553,0.17463532004974816)
2399 216 1560	(0.1527777777777778,0.12576039689624813,0.17979515865930742)
2399 345 8388	(0.15103196772191185,0.12358783327117054,0.17847610217265317)
2399 8388 1560	(0.14975170701427684,0.12215238944745854,0.17735102458109514)
2399 9194	(0.45299891371818746,0.4250310362506864,0.4809667911856886)
345 384 8388	(0.1509931719428926,0.1237430163872475,0.17824332749853772)
384 8388	(0.1559008379888268,0.1296399747981724,0.18216170117948124)
384 9194 7159 3806 6254	(0.14515440720049658,0.11590626902536047,0.17440254537563268)
4456 384 7159 1560	(0.14862662942271881,0.12087212873982356,0.17638113010561407)
4456 7255	(0.15514432029795158,0.12905803811288374,0.18123060248301942)
4552 8205 9387	(0.1787709497206704,0.15008535034131332,0.20745654910002748)
496 9387 7255 6254	(0.1101024208566108,0.08389975133448525,0.13630509037873634)
496 9387 8388 6254	(0.11180943513345748,0.08568435716937041,0.13793451309754456)
5269 8615 8177 9387	(0.10379810676598386,0.07652855332082913,0.13106766021113858)
5494 1856 7159 8388 6254	(0.14511561142147733,0.11734171284907247,0.17288950999388222)
5494 384 6254	(0.44593808193668527,0.41758224667899174,0.4742939171943788)
5494 4456 6254	(0.4440952824332713,0.4154096830539142,0.47278088181262834)
7778 384 7159 1560	(0.1488012104283054,0.12199720633138159,0.1756052145252292)
7778 8388	(0.15518311607697083,0.12894165077582603,0.18142458137811562)
7778 9194 7159 8388 6254	(0.14478584729981378,0.11788485375534186,0.1716868408442857)
9194 7159 6254	(0.4443862507759156,0.4182417749223189,0.4705307266295123)
9387 3806	(0.19512337057728119,0.1687849158285883,0.22146182532597408)
