1609 6699	(0.11510707635009311,0.0867706389819092,0.14344351371827702)
1856 1560	(0.15648277467411545,0.1304546861575765,0.1825108631906544)
1856 345 7255 6254	(0.14920856610800745,0.1202901920545349,0.17812694016147998)
1856 4456 7159 3806	(0.14843265052762258,0.12048417094963113,0.17638113010561407)
1856 7159 7255 3806	(0.1459109248913718,0.11804003687141884,0.1737818129113248)
216 384 7159 3806 6254	(0.14622129112352575,0.1180012410923996,0.17444134115465193)
216 7255 1560	(0.14977110490378648,0.12242395990059327,0.1771182499069797)
2399 1856 7255	(0.15066340782122906,0.12257914301667022,0.17874767262578786)
2399 7255 3806 6254	(0.14672563625077592,0.11908752290493838,0.17436374959661344)
2399 9194 7159 1560	(0.14819987585350713,0.12044537517061188,0.1759543765364024)
2399 9194 7159 8388 6254	(0.1450768156424581,0.11722532551201473,0.17292830577290147)
345 3806 1560 6254	(0.14732697082557417,0.11881595245180368,0.17583798919934468)
4126 1392	(0.11526225946617008,0.08789571657346724,0.14262880235887293)
4456 216 7159 7255 6254	(0.14600791433891994,0.11858317777768823,0.1734326509001516)
4456 7159 1560 6254	(0.14814168218497828,0.1218420232153046,0.17444134115465193)
4456 8388	(0.1564245810055866,0.1301055241464033,0.18274363786476988)
4456 9194 3806 6254	(0.1473657666045934,0.11920391024199611,0.17552762296719074)
4552 8205 9387 3806 6254	(0.11124689633767847,0.08378336399742752,0.1387104286779294)
4552 9387 7255	(0.11029639975170702,0.08409373022958146,0.13649906927383257)
496 9387 1560	(0.11054857231533209,0.08444289224075464,0.13665425238990953)
496 9387 7255 3806	(0.10814323401613904,0.0812228425821575,0.13506362545012057)
496 9387 8388 3806	(0.10750310366232153,0.08052451855981113,0.13448168876483196)
5269 4913 2225	(0.10589307883302297,0.07862352538786824,0.1331626322781777)
5269 8615	(0.10707635009310987,0.07936064518923384,0.13479205499698588)
5494 1856 7255 6254	(0.1485296399751707,0.12036778361257339,0.176691496337768)
5494 216 7255	(0.15223463687150837,0.1249068897578248,0.17956238398519198)
5494 3806 1560 6254	(0.14757914338919925,0.11924270602101536,0.17591558075738314)
5494 384 3806	(0.15182728119180633,0.12455772774665161,0.17909683463696105)
5494 4456 3806	(0.15237042209807572,0.12451893196763236,0.1802219122285191)
7778 384 1560	(0.15200186219739292,0.1251784602109595,0.17882526418382635)
7778 9194 3806 6254	(0.14878181253879577,0.1219196147733431,0.17564401030424845)
8205 9387 3806 6254	(0.11045158286778399,0.0842101175666392,0.1366930481689288)
8305	(0.1162709497206704,0.0903010548726603,0.14224084456868047)
9194 7159 3806	(0.15184667908131597,0.12568280533820964,0.17801055282442227)
9194 7159 8388 1560	(0.14684202358783363,0.11920391024199611,0.17448013693367118)
9194 7159 8388 3806 6254	(0.14358317815021726,0.1163718183735914,0.17079453792684313)
