2399 345 7159 6254	(0.4354050279329609,0.408193668156335,0.46261638770958674)
2399 7159 3806 1560	(0.1470747982619491,0.11873836089376519,0.175411235630133)
345 3806 6254	(0.1525450031036623,0.12649751669761375,0.1785924895097109)
345 384 7159 8388	(0.14835505896958412,0.1211824949719775,0.17552762296719074)
345 7159	(0.45363904407200495,0.42720359987576395,0.480074488268246)
384 1560 6254	(0.1526225946617008,0.126381129360556,0.1788640599628456)
384 7159 7255 1560	(0.14688081936685288,0.1195530722531693,0.17420856648053648)
4552 3806 6254	(0.11229438237119801,0.0860335191805436,0.13855524556185245)
4552 8205 6254	(0.17882914338919925,0.14993016722523633,0.20772811955316217)
4552 9387 1560 6254	(0.11045158286778399,0.0842101175666392,0.1366930481689288)
5269 2225 9387	(0.10494258224705152,0.07897268739904142,0.13091247709506162)
5269 8615 2225 9387	(0.10399208566108008,0.0764897575418099,0.13149441378035026)
5494 216 7159 3806	(0.14790890751086283,0.12083333296080431,0.17498448206092132)
5494 384 7159 6254	(0.4371702358783364,0.40920235841083535,0.46513811334583754)
5494 4456 7159 7255	(0.14785071384233395,0.11951427647415006,0.17618715121051787)
5494 8388 6254	(0.15328212290502793,0.12704065760388314,0.17952358820617273)
7778 1856 1560 6254	(0.14911157666045935,0.12242395990059327,0.17579919342032543)
7778 4456 7159 8388 6254	(0.14478584729981378,0.11741930440711096,0.1721523901925166)
8615 8177 9387	(0.10498137802607076,0.0791278705151184,0.13083488553702313)
9194 7255 1560	(0.1493443513345748,0.12215238944745854,0.17653631322169105)
