1856	(0.46244568590937307,0.43635940372430526,0.4885319680944409)
1856 216 1560 6254	(0.1488981998758535,0.12141526964609295,0.17638113010561407)
1856 216 7159 7255	(0.14876241464928616,0.12141526964609295,0.17610955965247937)
1856 345 7159 3806 6254	(0.1456393544382371,0.11745810018613018,0.17382060869034405)
1856 7159	(0.4535808504034761,0.42731998721282166,0.4798417135941305)
1856 7159 3806 6254	(0.14856843575418993,0.12238516412157402,0.17475170738680587)
1856 8388 3806	(0.1496159217877095,0.12230757256353553,0.17692427101188346)
216 8388	(0.15621120422098075,0.1299891368093456,0.18243327163261594)
216 8388 3806 6254	(0.14721058348851646,0.11994103004336173,0.17448013693367118)
2399 1856 6254	(0.44302839851024206,0.41385785189314445,0.47219894512733973)
2399 216 7159 3806 6254	(0.14567815021725636,0.11885474823082293,0.1725015522036898)
2399 384	(0.4522811918063315,0.4247982615765709,0.47976412203609203)
2399 384 8388 6254	(0.14876241464928616,0.12141526964609295,0.17610955965247937)
2399 7255	(0.15562926753569212,0.12932960856601847,0.18192892650536577)
2399 9194 7255 6254	(0.14893699565487276,0.12060055828668884,0.17727343302305665)
345 216 7159 1560 6254	(0.14548417132216016,0.11866076933572672,0.1723075733085936)
4456 216 1560	(0.15206005586592178,0.12467411508370932,0.17944599664813424)
4456 216 7255 6254	(0.1492667597765363,0.12188081899432385,0.17665270055874877)
4456 216 8388 6254	(0.148975791433892,0.12149286120413144,0.17645872166365256)
4456 345 8388	(0.150973774053383,0.12362662905018978,0.1783209190565762)
4456 3806	(0.1561724084419615,0.13002793258836481,0.1823168842955582)
4456 384 7159 7255 6254	(0.14519320297951582,0.11703134661691852,0.17335505934211315)
4552 9387 6254	(0.17820841092489137,0.15159838572306378,0.20481843612671896)
4552 9387 7255 3806 6254	(0.10789106145251397,0.08071849745490735,0.13506362545012057)
5494 216 6254	(0.44481300434512727,0.4175046551209533,0.47212135356930124)
5609 1084 8177	(0.10484559279950341,0.07765363091238717,0.13203755468661965)
6699	(0.11660071384233395,0.09072780844187196,0.14247361924279595)
7778 1856 7255	(0.15165270018621974,0.12506207287390175,0.17824332749853772)
7778 216 8388 6254	(0.14794770328988205,0.12087212873982356,0.17502327783994057)
7778 384 7159	(0.44260164494103044,0.4151381126007795,0.47006517728128133)
7778 384 7159 7255 6254	(0.14550356921166976,0.11881595245180368,0.17219118597153585)
7778 5494 1560 6254	(0.14920856610800745,0.12203600211040083,0.17638113010561407)
7778 5494 7159 7255	(0.14860723153320918,0.12188081899432385,0.1753336440720945)
8177 2225	(0.16476567349472376,0.13821384196142503,0.1913175050280225)
9387 7255 3806 6254	(0.121004034761018,0.09355990031027668,0.14844816921175932)
