1084 8615 2225	(0.10536933581626319,0.07742085623827172,0.13331781539425466)
1609 8305	(0.11450574177529485,0.08545158249525496,0.14355990105533473)
1856 345 7159	(0.4439594972067039,0.4145561759154908,0.473362818497917)
1856 345 7159 1560	(0.14845204841713222,0.12017380471747718,0.17673029211678726)
1856 4456 7159 8388	(0.14884000620732465,0.12098851607688127,0.176691496337768)
216 6254	(0.4538524208566108,0.4274363745498794,0.4802684671633422)
2225 9387	(0.16517302917442583,0.13902855332082914,0.1913175050280225)
2399 384 3806 6254	(0.1493637492240844,0.12234636834255477,0.17638113010561407)
384 9194 7159 8388 6254	(0.14503801986343887,0.11621663525751441,0.1738594044693633)
4456 216 3806 6254	(0.1488012104283054,0.1216480443202084,0.1759543765364024)
4456 345 6254	(0.444774208566108,0.41641837330841447,0.4731300438238015)
4456 384	(0.4512337057728119,0.4225093106144356,0.47995810093118824)
4552 9387 8388 3806 6254	(0.10732852265673495,0.08017535654863794,0.13448168876483196)
5494 1856 7159 1560	(0.14818047796399753,0.12060055828668884,0.1757603976413062)
5494 384 8388	(0.15155571073867163,0.12413097417743993,0.17898044729990334)
5494 4456 8388	(0.1512453445065177,0.12339385437607434,0.17909683463696105)
5494 7159 3806 1560 6254	(0.14420391061452514,0.11602265636241821,0.17238516486663208)
5609 4913 9387	(0.10480679702048418,0.0788563000619837,0.13075729397898467)
5609 5269 8177 9387	(0.10325496585971446,0.07617939130965595,0.130330540409773)
7778 216 3806 6254	(0.1492473618870267,0.12242395990059327,0.17607076387346013)
7778 216 7159	(0.44328057107386715,0.4159916197392028,0.4705695224085315)
7778 345 3806	(0.15173029174425823,0.12494568553684404,0.1785148979516724)
8205 9387 7255 3806	(0.10824022346368715,0.08110645524509977,0.13537399168227454)
8615 4913 8177	(0.10484559279950341,0.07687771533200231,0.13281347026700452)
9194 345 1560 6254	(0.14920856610800745,0.12126008653001596,0.17715704568599894)
9194 7159 8388	(0.15190487274984482,0.12560521378017114,0.17820453171951847)
9387 8388 3806 6254	(0.12146958410924891,0.09414183699556532,0.1487973312229325)
