1084 2225 9387	(0.10507836747361887,0.07901148317806067,0.13114525176917707)
1084 8615 8177 9387	(0.10364292364990689,0.0761405955306367,0.13114525176917707)
1856 345 7159 6254	(0.43569599627560524,0.40613749186831516,0.46525450068289526)
1856 7255	(0.15547408441961513,0.12925201700797997,0.18169615183125032)
216 7159 1560	(0.1514393234016139,0.12525605176899798,0.17762259503422984)
2399 1856 3806 6254	(0.14841325263811297,0.12083333296080431,0.17599317231542164)
2399 216 8388	(0.15186607697082558,0.12479050242076706,0.1789416515208841)
2399 8388 1560 6254	(0.14678382991930478,0.11912631868395762,0.17444134115465193)
2399 9194 1560 6254	(0.1487042209807573,0.12102731185590052,0.17638113010561407)
2399 9194 7159 7255	(0.14854903786468032,0.12040657939159263,0.176691496337768)
384 3806 1560 6254	(0.1476179391682185,0.11897113556788066,0.17626474276855633)
384 8388 3806	(0.15048882681564246,0.1230058965858819,0.17797175704540302)
4456 384 7159 8388	(0.14818047796399753,0.12048417094963113,0.17587678497836393)
4552 8205 9387 3806	(0.11165425201738051,0.0841325260086007,0.13917597802616033)
4552 9387 8388 3806	(0.1075612973308504,0.08052451855981113,0.13459807610188967)
496 9387 7255	(0.1102770018621974,0.0841325260086007,0.13642147771579408)
5494 1856 7159 6254	(0.4351528553693358,0.40609869608929594,0.4642070146493757)
5494 216 8388 6254	(0.14831626319056487,0.12106610763491976,0.17556641874620998)
7778 345	(0.45311530105524517,0.425457789819898,0.4807728122905923)
7778 345 7255 6254	(0.15058581626319056,0.1230834881439204,0.17808814438246076)
7778 384 7159 8388	(0.14887880198634387,0.12199720633138159,0.1757603976413062)
7778 384 7255	(0.15237042209807572,0.12548882644311343,0.17925201775303803)
7778 5494 1560	(0.15206005586592178,0.12475170664174781,0.17936840509009574)
7778 5494 7159 8388 6254	(0.14445608317815023,0.11722532551201473,0.1716868408442857)
9194 345 7159 7255 6254	(0.14577513966480446,0.11761328330220716,0.17393699602740179)
