1084 8615 2225 9387	(0.10395328988206083,0.07621818708867518,0.13168839267544646)
216 7159	(0.4540270018621974,0.42759155766595636,0.4804624460584384)
216 7159 7255 1560 6254	(0.1429042520173805,0.11532433234007183,0.17048417169468918)
2399 4456 7159 1560 6254	(0.14542597765363127,0.11741930440711096,0.1734326509001516)
2399 7159 8388 6254	(0.14905338299193047,0.12292830502784341,0.17517846095601755)
345 216 7159 3806 6254	(0.14558116076970826,0.11893233978886142,0.1722299817505551)
345 3806	(0.1557068590937306,0.12960117901915316,0.18181253916830806)
4456 345 7159	(0.4442892613283675,0.41595282396018357,0.47262569869655136)
4456 345 7159 3806 6254	(0.14468885785226568,0.11714773395397624,0.1722299817505551)
4456 7159 3806 1560 6254	(0.1448052451893234,0.11664338882672609,0.17296710155192072)
4552 496	(0.1786933581626319,0.15047330813150572,0.20691340819375809)
4552 8388 3806 6254	(0.10775527622594662,0.08060211011784962,0.13490844233404362)
5494 6254	(0.45321229050279327,0.42673805052753305,0.47968653047805354)
7778 1856 7159 8388 6254	(0.14515440720049658,0.11815642420847655,0.1721523901925166)
7778 4456 6254	(0.444774208566108,0.41680633109860693,0.4727420860336091)
7778 5494 3806 6254	(0.14891759776536312,0.12211359366843932,0.17572160186228694)
8205 8388 1560 6254	(0.10794925512104284,0.08083488479196507,0.13506362545012057)
8205 8388 3806	(0.10798805090006207,0.0809512721290228,0.13502482967110135)
8205 9387 3806 1560	(0.10868637492240844,0.08029174388569568,0.1370810059591212)
9194 345 8388 6254	(0.14878181253879577,0.12075574140276582,0.17680788367482575)
