1609 1392	(0.11307029795158287,0.08514121626310102,0.1409993796400647)
1856 9194 1560	(0.15194366852886407,0.12323867125999735,0.18064866579773076)
216 7159 7255 3806	(0.1459885164494103,0.11815642420847655,0.17382060869034405)
2399 4456 1560 6254	(0.14821927374301677,0.12017380471747718,0.17626474276855633)
2399 4456 7159 7255	(0.1493443513345748,0.12176443165726614,0.17692427101188346)
345 216 1560	(0.15207945375543142,0.1250232770948825,0.1791356304159803)
345 7159 6254	(0.4447548106765984,0.4180865918062419,0.47142302954695486)
345 7159 8388 3806 6254	(0.14321461824953446,0.11625543103653366,0.17017380546253524)
3806	(0.5404252017380509,0.5133302292984827,0.567520174177619)
4456 7159 3806 6254	(0.14876241464928616,0.1227343261327472,0.17479050316582512)
4456 7159 7255 1560 6254	(0.14336980136561142,0.11598386058339896,0.17075574214782388)
4552 8205 3806 6254	(0.11159605834885164,0.0841325260086007,0.1390595906891026)
5494 4456 7159 3806 6254	(0.14558116076970826,0.11734171284907247,0.17382060869034405)
5494 7159 8388	(0.1527001862197393,0.1264587209185945,0.1789416515208841)
5494 9194 7255 6254	(0.148258069522036,0.11978584692728475,0.17673029211678726)
5609 4913	(0.10655260707635009,0.08064090589686886,0.13246430825583133)
7778 345 7159 3806 6254	(0.1457945375543141,0.11858317777768823,0.17300589733093996)
7778 7159 3806 6254	(0.14841325263811297,0.12246275567961248,0.17436374959661344)
7778 7159 8388 1560 6254	(0.14358317815021726,0.11606145214143745,0.17110490415899707)
8615 4913	(0.10626163873370577,0.08036933544373416,0.1321539420236774)
9194 345	(0.45301831160769707,0.4227808810675703,0.48325574214782385)
9194 345 7159 1560	(0.1488981998758535,0.12110490341393901,0.176691496337768)
