1084 2225	(0.10657200496585971,0.08052451855981113,0.13261949137190832)
1856 4456 7255	(0.1528941651148355,0.12479050242076706,0.18099782780890394)
1856 9194 1560 6254	(0.1488981998758535,0.12017380471747718,0.17762259503422984)
216 7159 7255 3806 6254	(0.14296244568590938,0.11528553656105259,0.17063935481076614)
2399 1560 6254	(0.15204065797641217,0.12591558001232508,0.17816573594049923)
2399 1856 7159 8388	(0.14835505896958412,0.12052296672865037,0.17618715121051787)
2399 4456 1560	(0.15163330229671013,0.12370422060822828,0.17956238398519198)
2399 4456 3806 6254	(0.14895639354438237,0.12087212873982356,0.1770406583489412)
2399 4456 7159 3806 6254	(0.1461630974549969,0.1181952199874958,0.174130974922498)
345 384 7159 3806	(0.14821927374301677,0.12133767808805446,0.17510086939797906)
345 7159 7255 6254	(0.14905338299193047,0.1230834881439204,0.17502327783994057)
4552 1560	(0.11099472377405338,0.08483085003094708,0.1371585975171597)
496 7255 1560	(0.10792985723153321,0.08091247635000356,0.13494723811306286)
496 8388 1560	(0.10835661080074488,0.08130043414019598,0.13541278746129376)
5494 345	(0.45317349472377405,0.4248758531346094,0.4814711363129387)
5494 345 1560	(0.1513423339540658,0.1237430163872475,0.1789416515208841)
5494 345 7159 1560	(0.14819987585350713,0.12040657939159263,0.17599317231542164)
5494 345 7159 8388 6254	(0.14484404096834264,0.11710893817495702,0.17257914376172828)
5494 4456 7159 6254	(0.43608395406579764,0.4074177525759502,0.4647501555556451)
5494 7159 7255 6254	(0.14821927374301677,0.12211359366843932,0.17432495381759422)
5609	(0.10829841713221601,0.08223153283665781,0.13436530142777423)
5609 8177 9387	(0.10500077591558038,0.07901148317806067,0.1309900686531001)
7159 1560	(0.15993559900682805,0.13375232737421214,0.186118870639444)
7778 4456	(0.45342566728739914,0.4255741771569558,0.4812771574178425)
8205 8388	(0.11243016759776536,0.08622749807563981,0.1386328371198909)
