1084 4913 2225	(0.10577669149596523,0.07850713805081051,0.13304624494111997)
1856 4456 7159 1560	(0.14790890751086283,0.11997982582238095,0.17583798919934468)
1856 7159 7255 1560	(0.14738516449410305,0.12009621315943869,0.17467411582876738)
2399 1856 7159 7255 6254	(0.14558116076970826,0.11765207908122641,0.1735102424581901)
2399 4456 7159 3806	(0.1490727808814401,0.12129888230903521,0.176846679453845)
2399 7159 7255 3806	(0.1456199565487275,0.11765207908122641,0.1735878340162286)
345 384 7159 8388 6254	(0.14529019242706392,0.1181176284294573,0.17246275642467054)
345 6254	(0.4534062693978895,0.42677684630655227,0.48003569248922673)
345 8388 3806 6254	(0.14701660459342022,0.1197470511482655,0.17428615803857497)
384 7159 7255 1560 6254	(0.1430788330229671,0.11575108590928351,0.1704065801366507)
4552 8205	(0.1793140906269398,0.15058969546856346,0.2080384857853161)
496 3806 1560 6254	(0.10891914959652389,0.08056331433883038,0.1372749848542174)
496 3806 6254	(0.11221679081315952,0.0860335191805436,0.13840006244577546)
496 9387 7255 1560	(0.10754189944134078,0.08060211011784962,0.13448168876483196)
496 9387 8388 1560	(0.10792985723153321,0.08091247635000356,0.13494723811306286)
5269 8177	(0.10661080074487896,0.0806797016758881,0.13254189981386982)
5494 216 7159 7255 6254	(0.1457945375543141,0.11862197355670748,0.17296710155192072)
5494 384 1560	(0.15165270018621974,0.12424736151449767,0.1790580388579418)
5494 4456 1560	(0.15140052762259465,0.12354903749215129,0.17925201775303803)
5494 8388 3806 6254	(0.14674503414028553,0.1195530722531693,0.17393699602740179)
5494 9194 3806 6254	(0.14783131595282434,0.11994103004336173,0.17572160186228694)
5609 4913 8177 9387	(0.10267302917442582,0.07501551793907867,0.130330540409773)
5609 8615 4913	(0.10447703289882061,0.07617939130965595,0.13277467448798527)
7159 7255 3806 6254	(0.1510707635009311,0.12343265015509355,0.17870887684676864)
7255 3806 6254	(0.2742085661080074,0.24602731185590054,0.30238982036011436)
7778 345 7159	(0.4434163563004345,0.41603041551822206,0.470802297082647)
7778 4456 7159 1560 6254	(0.14499922408441962,0.11769087486024565,0.1723075733085936)
8205 8388 6254	(0.11229438237119801,0.08611111073858208,0.13847765400381395)
8615 8177 2225 9387	(0.10277001862197394,0.07610179975161746,0.1294382374923304)
9194 216 8388	(0.15221523898199876,0.12467411508370932,0.17975636288028818)
9194 7159 1560	(0.15140052762259465,0.125100868652921,0.17770018659226833)
