1609	(0.1163679391682185,0.09037864643069878,0.14235723190573824)
216 7159 8388	(0.15188547486033518,0.12568280533820964,0.17808814438246076)
216 7159 8388 3806 6254	(0.14348618870266916,0.1161002479204567,0.17087212948488162)
2399 345 1560 6254	(0.14856843575418993,0.12129888230903521,0.17583798919934468)
3806 6254	(0.2842372749844817,0.25758845400363484,0.3108860959653285)
384 7159 7255	(0.15174968963376784,0.12556641800115192,0.17793296126638378)
384 7159 8388 1560	(0.14666744258224707,0.11897113556788066,0.17436374959661344)
4456 345 7159 3806	(0.1475985412787089,0.12005741738041945,0.1751396651769983)
4456 7159 6254	(0.444366852886406,0.4178926129111457,0.4708410928616662)
4913 2225	(0.1650566418373681,0.13798106728730958,0.1921322163874266)
496 6254	(0.17892613283674735,0.1524518928614871,0.20540037281200763)
5494 345 3806 6254	(0.1481610800744879,0.12009621315943869,0.17622594698953709)
5494 7159 1560	(0.1527777777777778,0.1267302913717292,0.17882526418382635)
7159	(0.4695841092489137,0.4433426439477689,0.4958255745500585)
7159 7255 6254	(0.15685133457479827,0.13076505238973044,0.18293761675986608)
7778 1856 7159 7255	(0.14810288640595903,0.12141526964609295,0.17479050316582512)
7778 345 7159 3806	(0.14847144630664183,0.12126008653001596,0.1756828060832677)
7778 5494 8388	(0.1510707635009311,0.12393699528234373,0.17820453171951847)
8205 7255 1560	(0.10777467411545624,0.08060211011784962,0.13494723811306286)
9194 8388 1560	(0.15000387957790193,0.12254034723765098,0.17746741191815288)
