1084 8177 9387	(0.10503957169459963,0.07901148317806067,0.13106766021113858)
1856 7159 3806 1560	(0.14686142147734327,0.11881595245180368,0.17490689050288286)
2399 1856 1560	(0.15118715083798884,0.12351024171313205,0.1788640599628456)
2399 1856 7159 3806 6254	(0.1458721291123526,0.1181952199874958,0.17354903823720935)
2399 4456 8388	(0.15118715083798884,0.1232774670390166,0.17909683463696105)
384 7159 7255 3806	(0.146260086902545,0.11854438199866899,0.17397579180642103)
4552 496 7255 6254	(0.11076194909993793,0.0833954062072351,0.13812849199264077)
4552 496 8388 6254	(0.11056797020484171,0.08308503997508115,0.13805090043460228)
4552 8388	(0.11248836126629423,0.08638268119171678,0.13859404134087167)
4552 9387 1560	(0.11062616387337058,0.08444289224075464,0.1368094355059865)
5269 1084 2225 9387	(0.10317737430167598,0.07520949683417488,0.13114525176917707)
5494 216 1560	(0.15167209807572937,0.12448013618861312,0.1788640599628456)
5494 216 7159 3806 6254	(0.14565875232774675,0.11866076933572672,0.17265673531976677)
5494 345 7159 8388	(0.14818047796399753,0.12048417094963113,0.17587678497836393)
5494 345 8388	(0.15122594661700806,0.12366542482920903,0.1787864684048071)
5609 5269 9387	(0.10507836747361887,0.07773122247042566,0.13242551247681209)
7159 8388	(0.16084729981378026,0.13460583451263547,0.18708876511492506)
7778 4456 1560 6254	(0.14767613283674735,0.12013500893845794,0.1752172567350368)
7778 4456 7159 7255	(0.14903398510242086,0.1214540654251122,0.17661390477972952)
8205	(0.17929469273743018,0.15276225909364105,0.20582712638121928)
9194 216 7159 7255	(0.14856843575418993,0.12114369919295825,0.17599317231542164)
9194 7255 3806	(0.14965471756672874,0.12215238944745854,0.17715704568599894)
