1856 7159 3806 1560 6254	(0.14393234016139045,0.11571229013026427,0.1721523901925166)
2399 1856 7159 6254	(0.4343187461204221,0.40555555518302655,0.4630819370578177)
2399 345 7159 7255	(0.14878181253879577,0.12106610763491976,0.1764975174426718)
2399 7159 7255 3806 6254	(0.14282666045934203,0.1149363745498794,0.17071694636880463)
345	(0.46337678460583487,0.43674736151449767,0.4900062076971721)
345 1560	(0.15528010552451893,0.12905803811288374,0.18150217293615412)
345 7255 3806	(0.14901458721291125,0.12153165698315066,0.1764975174426718)
4456 1560 6254	(0.1527777777777778,0.126536312476633,0.17901924307892259)
4552 7255 3806	(0.10851179391682185,0.08130043414019598,0.13572315369344773)
4552 8205 7255	(0.11171244568590938,0.08386095555546601,0.13956393581635274)
496 3806 1560	(0.10926831160769708,0.08091247635000356,0.1376241468653906)
496 9387 3806 1560 6254	(0.10851179391682185,0.08017535654863794,0.13684823128500576)
5494 216 7159 8388	(0.14796710117939169,0.12087212873982356,0.1750620736189598)
5494 345 7159 3806 6254	(0.14478584729981378,0.11695375505888003,0.17261793954074753)
5494 384 1560 6254	(0.1488012104283054,0.1213764738670737,0.17622594698953709)
5494 384 7159 7255	(0.14882060831781502,0.12149286120413144,0.17614835543149862)
5609 1084 4913	(0.10381750465549348,0.07660614487886762,0.13102886443211936)
7159 8388 6254	(0.15737507759155803,0.13115301017992287,0.1835971450031932)
7778 7159 3806	(0.15219584109248913,0.12610955890742132,0.17828212327755696)
8205 6254	(0.1788873370577281,0.15233550552442937,0.20543916859102684)
8205 8388 1560	(0.10831781502172563,0.08126163836117674,0.13537399168227454)
9194 216	(0.452048417132216,0.42301365574168576,0.4810831785227463)
9194 216 7159 3806 6254	(0.14536778398510242,0.118389198882592,0.17234636908761283)
9194 3806	(0.15656036623215394,0.1304546861575765,0.1826660463067314)
