1856 3806 1560 6254	(0.1473463687150838,0.11869956511474594,0.17599317231542164)
1856 7159 8388 1560 6254	(0.14395173805090006,0.11641061415261064,0.1714928619491895)
216 7159 7255	(0.15207945375543142,0.12587678423330587,0.17828212327755696)
2399 345 7159 3806	(0.14833566108007448,0.12098851607688127,0.1756828060832677)
2399 4456 7159 8388 6254	(0.14593032278088144,0.1179236495343611,0.17393699602740179)
2399 4456 7255 6254	(0.14992628801986344,0.1219196147733431,0.17793296126638378)
2399 4456 8388 6254	(0.14854903786468032,0.12048417094963113,0.17661390477972952)
4456 345 7159 6254	(0.43544382371198015,0.40722377368085394,0.4636638737431063)
4552 8205 3806	(0.11194522036002483,0.08436530068271617,0.13952514003733352)
496 9387 8388 1560 6254	(0.1075612973308504,0.08048572278079189,0.13463687188090892)
5269 4913 8177	(0.10463221601489758,0.07683891955298307,0.13242551247681209)
5494 384 7159 3806	(0.14823867163252638,0.12114369919295825,0.1753336440720945)
5494 4456 7159 8388	(0.14849084419615147,0.12071694562374657,0.17626474276855633)
5494 7159	(0.4537554314090627,0.4275139661079179,0.4799968967102075)
5494 8388 3806	(0.1498874922408442,0.12277312191176643,0.17700186256992195)
7778 345 7159 6254	(0.43534683426443205,0.4078445061451618,0.4628491623837022)
7778 4456 7159	(0.4440952824332713,0.41641837330841447,0.47177219155812805)
7778 5494 7159 1560 6254	(0.14488283674736188,0.11757448752318791,0.17219118597153585)
7778 5494 7255	(0.15202126008690253,0.12525605176899798,0.1787864684048071)
8205 7255 3806 6254	(0.10827901924270639,0.08102886368706129,0.1355291747983515)
8615 4913 2225	(0.1060094661700807,0.07877870850394521,0.1332402238362162)
