1856 1560 6254	(0.1526225946617008,0.126536312476633,0.17870887684676864)
1856 345 7255	(0.15178848541278708,0.1230058965858819,0.1805710742396923)
1856 4456 1560	(0.15136173184357543,0.12351024171313205,0.1792132219740188)
1856 4456 7159 8388 6254	(0.1458915270018622,0.1181176284294573,0.1736654255742671)
1856 9194 8388 6254	(0.14864602731222842,0.12025139627551568,0.1770406583489412)
216 384 1560 6254	(0.14839385474860337,0.12017380471747718,0.17661390477972952)
216 384 3806	(0.15256440099317195,0.12440254463057462,0.18072625735576925)
216 7255 1560 6254	(0.1464346679081316,0.11912631868395762,0.17374301713230555)
2399 216 1560 6254	(0.1493443513345748,0.12238516412157402,0.17630353854757558)
2399 216 6254	(0.44399829298572313,0.41719428888879934,0.470802297082647)
2399 384 7159 3806	(0.14841325263811297,0.12141526964609295,0.175411235630133)
2399 8388 6254	(0.1526031967721912,0.1264587209185945,0.17874767262578786)
345 216 7255 6254	(0.14775372439478585,0.12056176250766962,0.1749456862819021)
345 216 8388 6254	(0.14827746741154563,0.1211824949719775,0.17537243985111375)
345 8388 1560	(0.14996508379888268,0.12257914301667022,0.17735102458109514)
4456 216 7159 3806	(0.14827746741154563,0.12126008653001596,0.17529484829307526)
4456 384 7159 6254	(0.4338337988826816,0.4044304775914685,0.4632371201738946)
4456 9194 7159 8388	(0.14740456238361266,0.1192815018000346,0.17552762296719074)
4552 8388 1560	(0.10816263190564866,0.08106765946608054,0.1352576043452168)
5494 216 3806 6254	(0.14874301675977653,0.1216480443202084,0.17583798919934468)
5494 4456 7255 6254	(0.1491503724394786,0.12067814984472733,0.17762259503422984)
5609 8177	(0.10635862818125388,0.0804081312227534,0.13230912513975435)
6699 1392	(0.11458333333333333,0.08649906852877451,0.14266759813789215)
7778 216 7159 3806	(0.1481610800744879,0.1214540654251122,0.1748680947238636)
7778 216 7255	(0.1525256052141527,0.12533364332703645,0.17971756710126893)
7778 384 7159 6254	(0.4361421477343265,0.4087368090626044,0.4635474864060486)
7778 5494 7159 3806 6254	(0.1458139354438237,0.11869956511474594,0.17292830577290147)
7778 9194 7159 8388	(0.14794770328988205,0.12098851607688127,0.17490689050288286)
8205 9387 7255	(0.11035459342023587,0.08417132178761995,0.13653786505285181)
8615 8177	(0.10651381129733085,0.0806797016758881,0.1323479209187736)
9194 7159 7255 3806	(0.1459691185599007,0.11866076933572672,0.17327746778407466)
