1856 345	(0.45391061452513964,0.42386716288010906,0.4839540661701702)
1856 345 1560	(0.1526031967721912,0.12409217839842068,0.18111421514596168)
1856 8388 6254	(0.152971756672874,0.1268078829297677,0.1791356304159803)
216 384 8388 6254	(0.1498874922408442,0.12172563587824689,0.17804934860344152)
216 7255	(0.15592023587833645,0.12967877057719165,0.18216170117948124)
2399 216 7159	(0.4439400993171943,0.4168839226566454,0.4709962759777432)
2399 216 8388 6254	(0.14874301675977653,0.12180322743628538,0.1756828060832677)
2399 345 3806	(0.1519824643078833,0.12467411508370932,0.17929081353205728)
2399 384 7159 7255 6254	(0.14624068901303539,0.11900993134689988,0.17347144667917086)
2399 8388 3806 6254	(0.14672563625077592,0.11932029757905382,0.174130974922498)
2399 9194 7159 3806 6254	(0.1448052451893234,0.11703134661691852,0.17257914376172828)
345 384 3806	(0.15153631284916202,0.12444134040959387,0.17863128528873015)
384 3806	(0.15582324643078832,0.12960117901915316,0.1820453138424235)
384 9194 8388 6254	(0.14833566108007448,0.11986343848532324,0.17680788367482575)
4456 345 7255	(0.15112895716945995,0.12316107970195886,0.17909683463696105)
4456 6254	(0.45425977653631283,0.42774674078203334,0.4807728122905923)
5494 1856	(0.45255276225946617,0.4232464304158012,0.48185909410313116)
5494 8388 1560 6254	(0.14674503414028553,0.1192815018000346,0.17420856648053648)
5494 9194 1560 6254	(0.14841325263811297,0.12040657939159263,0.17641992588463332)
7159 7255 1560 6254	(0.15138112973308504,0.12440254463057462,0.17835971483559546)
7255 1560 6254	(0.2738012104283054,0.24610490341393898,0.3014975174426718)
7778 216 1560	(0.15223463687150837,0.12533364332703645,0.1791356304159803)
7778 345 8388	(0.15136173184357543,0.12413097417743993,0.1785924895097109)
7778 3806	(0.15621120422098075,0.13014431992542255,0.18227808851653896)
7778 384	(0.4521260086902545,0.42456548690245544,0.47968653047805354)
7778 384 7255 6254	(0.14903398510242086,0.12234636834255477,0.17572160186228694)
7778 8388 1560	(0.14967411545623835,0.12215238944745854,0.17719584146501816)
8205 9387 1560	(0.11047098075729361,0.08424891334565843,0.1366930481689288)
9194 7159 3806 1560	(0.14684202358783363,0.11873836089376519,0.1749456862819021)
9387 8388 1560	(0.18765518311607698,0.16005586554925869,0.21525450068289526)
