1856 345 6254	(0.4452979515828678,0.4152544999378372,0.47534140322789836)
1856 345 7159 7255	(0.14787011173184358,0.1192815018000346,0.17645872166365256)
1856 4456 7159	(0.44328057107386715,0.4143234012413754,0.47223774090635895)
216	(0.46291123525760397,0.43635940372430526,0.48946306679090273)
345 384 3806 6254	(0.14911157666045935,0.12199720633138159,0.17622594698953709)
4456 345 7159 1560	(0.14802529484792054,0.12032898783355414,0.17572160186228694)
4456 8388 3806	(0.15010086902545003,0.12269553035372796,0.1775062076971721)
4456 9194 7159 3806	(0.14713299193047796,0.11881595245180368,0.17545003140915225)
4552 8205 9387 8388	(0.11035459342023587,0.08265828640586947,0.13805090043460228)
4552 9387	(0.17875155183116076,0.15221911818737166,0.2052839854749499)
5269 8177 2225 9387	(0.10375931098696461,0.07703289844807928,0.13048572352584994)
5494 1856 7159 7255	(0.14814168218497828,0.1200186216014002,0.17626474276855633)
7778 216 6254	(0.4446384233395407,0.41711669733076084,0.47216014934832046)
7778 216 7159 1560 6254	(0.14542597765363127,0.11866076933572672,0.17219118597153585)
7778 345 7159 1560	(0.14872361887026692,0.1216480443202084,0.17579919342032543)
7778 8388 6254	(0.15238981998758536,0.12634233358153676,0.17843730639363392)
7778 9194 7159 3806	(0.14785071384233395,0.12094972029786202,0.17475170738680587)
8205 9387 6254	(0.1788873370577281,0.15237430130344862,0.20540037281200763)
8205 9387 7255 3806 6254	(0.10794925512104284,0.0807572932339266,0.13514121700815906)
8615 4913 2225 9387	(0.10385630043451273,0.07652855332082913,0.13118404754819632)
9194 7159 3806 6254	(0.14872361887026692,0.12265673457470871,0.17479050316582512)
9387 8388 6254	(0.12596989447548107,0.09953445027924006,0.15240533867172207)
