1084 4913 9387	(0.10439944134078212,0.0783131591557143,0.13048572352584994)
1856 216 7159	(0.4447548106765984,0.4175434508999725,0.47196617045322425)
1856 216 7159 7255 6254	(0.1458139354438237,0.11835040310357278,0.17327746778407466)
1856 345 3806	(0.152254034761018,0.12389819950332448,0.18060987001871154)
1856 345 7159 8388	(0.14827746741154563,0.12025139627551568,0.17630353854757558)
216 384 7159 1560 6254	(0.14556176288019865,0.11730291707005322,0.17382060869034405)
2399 1856 8388 6254	(0.14823867163252638,0.12040657939159263,0.17607076387346013)
2399 7255 1560 6254	(0.1463376784605835,0.11897113556788066,0.17370422135328634)
3806 1560	(0.5266720980757293,0.4969196147733431,0.5564245813781156)
4126	(0.11623215394165115,0.09037864643069878,0.1420856614526035)
4456 216 6254	(0.44262104283054005,0.4128879574176634,0.47235412824341666)
4456 7159 1560	(0.15184667908131597,0.12556641800115192,0.17812694016147998)
4552 496 9387 7255	(0.11082014276846679,0.08358938510233131,0.13805090043460228)
4552 8205 9387 1560 6254	(0.11105291744258225,0.0833954062072351,0.1387104286779294)
496 1560	(0.1111111111111111,0.08498603314702405,0.1372361890751982)
5269 4913 8177 9387	(0.1029252017380509,0.07528708839221336,0.13056331508388844)
5494 1856 7159 8388	(0.14792830540037244,0.1202901920545349,0.17556641874620998)
5494 4456	(0.45268854748603354,0.4244103037863785,0.4809667911856886)
5494 4456 3806 6254	(0.14949953445065176,0.12141526964609295,0.1775837992552106)
5494 9194 7159 7255 6254	(0.14482464307883303,0.11660459304770684,0.1730446931099592)
5609 5269 4913	(0.10525294847920547,0.07800279292356035,0.13250310403485055)
5609 8615 8177	(0.10453522656734947,0.07625698286769443,0.13281347026700452)
7159 7255 1560	(0.1545235878336437,0.12750620695211404,0.18154096871517336)
7778 216 3806	(0.15149751707014278,0.12459652352567085,0.1783985106146147)
7778 8388 3806	(0.14986809435133458,0.12292830502784341,0.17680788367482575)
7778 9194 1560 6254	(0.14911157666045935,0.12211359366843932,0.17610955965247937)
8205 9387 1560 6254	(0.11054857231533209,0.08436530068271617,0.13673184394794802)
8205 9387 3806	(0.11083954065797641,0.08463687113585086,0.137042210180102)
9387 8388 3806	(0.1881401303538175,0.16102576002473976,0.21525450068289526)
