1856 4456	(0.45245577281191807,0.42347920508991665,0.4814323405339195)
1856 4456 8388 6254	(0.14843265052762258,0.12056176250766962,0.17630353854757558)
345 384 7159 7255 6254	(0.14594972067039105,0.11866076933572672,0.1732386720050554)
345 7159 1560 6254	(0.14843265052762258,0.12238516412157402,0.17448013693367118)
384 7159 3806 1560 6254	(0.1444366852886406,0.11613904369947595,0.17273432687780527)
384 7159 8388 6254	(0.14885940409683426,0.12269553035372796,0.17502327783994057)
4456 7159 8388 1560 6254	(0.14373836126629422,0.11625543103653366,0.17122129149605478)
5494 7159 1560 6254	(0.149538330229671,0.12354903749215129,0.17552762296719074)
5494 7159 6254	(0.4439788950962135,0.41758224667899174,0.4703755435134353)
5494 7159 7255 3806 6254	(0.14255509000620734,0.11497517032889865,0.170135009683516)
7778 4456 7159 8388	(0.1475209497206704,0.12036778361257339,0.17467411582876738)
8205 7255 6254	(0.11045158286778399,0.0842101175666392,0.1366930481689288)
9194 216 7159 8388	(0.14783131595282434,0.12052296672865037,0.1751396651769983)
9194 7255 1560 6254	(0.14627948479205463,0.11916511446297687,0.1733938551211324)
9194 8388 6254	(0.1526031967721912,0.126381129360556,0.17882526418382635)
