1084	(0.10851179391682185,0.08238671595273478,0.13463687188090892)
1392	(0.11634854127870888,0.09037864643069878,0.14231843612671896)
1856 216 3806 6254	(0.14864602731222842,0.12133767808805446,0.1759543765364024)
1856 9194 7159	(0.44225248292985725,0.41296554897570187,0.4715394168840126)
216 7159 3806 1560 6254	(0.14432029795158285,0.11586747324634122,0.17277312265682448)
216 7159 3806 6254	(0.14891759776536312,0.12281191769078567,0.17502327783994057)
2399 4456 7159 6254	(0.43493947858473,0.40664183699556533,0.4632371201738946)
2399 7159 7255 6254	(0.14876241464928616,0.1227343261327472,0.17479050316582512)
345 216 7159	(0.4439788950962135,0.4157976408441066,0.47216014934832046)
384 7159 8388 3806	(0.1463570763500931,0.11889354400984217,0.17382060869034405)
5494 7159 3806	(0.15293296089385475,0.12688547448780615,0.17898044729990334)
5609 8177 2225 9387	(0.10267302917442582,0.07586902507750201,0.12947703327134963)
7778 1856 7159 7255 6254	(0.14523199875853507,0.11850558621964974,0.1719584112974204)
8205 7255 3806	(0.1086475791433892,0.08153320881431145,0.13576194947246695)
9194 216 7255	(0.1524286157666046,0.125100868652921,0.17975636288028818)
9194 345 7255 6254	(0.1493443513345748,0.12110490341393901,0.1775837992552106)
9194 8388 3806	(0.1494413407821229,0.12215238944745854,0.17673029211678726)
9387 1560	(0.19326117318435754,0.1668839226566454,0.21963842371206968)
