1856 9194 7159 7255 6254	(0.14459186840471758,0.11489757877086018,0.17428615803857497)
216 1560	(0.1559008379888268,0.12960117901915316,0.18220049695850046)
216 7159 8388 3806	(0.14631828057107388,0.11900993134689988,0.17362662979524784)
2399 345 7159 7255 6254	(0.14627948479205463,0.11862197355670748,0.17393699602740179)
2399 4456 6254	(0.4441146803227809,0.41575884506508737,0.4724705155804744)
345 1560 6254	(0.15211824953445066,0.12610955890742132,0.17812694016147998)
345 8388	(0.15535769708255742,0.12913562967092224,0.18157976449419258)
4456 345 1560	(0.15132293606455618,0.12385940372430523,0.1787864684048071)
4456 7159	(0.45336747361887025,0.42689323364361004,0.4798417135941305)
4552 1560 6254	(0.11076194909993793,0.08455927957781237,0.1369646186220635)
4552 496 3806 6254	(0.11074255121042831,0.08343420198625433,0.13805090043460228)
4552 6254	(0.1787127560521415,0.15210273085031392,0.20532278125396913)
496 7255 6254	(0.1121004034761018,0.08587833606446663,0.13832247088773697)
496 8388 6254	(0.11231378026070764,0.08622749807563981,0.13840006244577546)
5494 345 6254	(0.4448518001241465,0.41626319019233754,0.4734404100559555)
5494 345 7159 6254	(0.43596756672873993,0.40749534413398864,0.46443978932349117)
5494 7255	(0.15572625698324022,0.12952358746111467,0.18192892650536577)
5494 7255 3806 6254	(0.1460855058969584,0.11835040310357278,0.17382060869034405)
5494 9194 8388 6254	(0.14835505896958412,0.12060055828668884,0.17610955965247937)
5609 2225	(0.10595127250155183,0.079864990316484,0.13203755468661965)
7159 6254	(0.46081626319056485,0.43438081899432385,0.4872517073868059)
7778 4456 7255	(0.15291356300434514,0.12525605176899798,0.1805710742396923)
8177 2225 9387	(0.16032355679702048,0.13367473581617365,0.18697237777786732)
8615 2225	(0.10633923029174426,0.08033053966471491,0.1323479209187736)
