1856 216 7159 6254	(0.43616154562383613,0.4088919921786814,0.4634310990689909)
216 3806	(0.1563275915580385,0.13014431992542255,0.1825108631906544)
216 384 7159 8388 6254	(0.1463570763500931,0.11846679044063049,0.17424736225955573)
2399 384 7159 3806 6254	(0.14593032278088144,0.11897113556788066,0.17288950999388222)
2399 6254	(0.45342566728739914,0.42681564208557154,0.48003569248922673)
345 384 7159 1560 6254	(0.1456199565487275,0.11807883265043806,0.17316108044701692)
384 8388 3806 6254	(0.1470747982619491,0.11959186803218855,0.17455772849170967)
4456 216 7159	(0.44190332091868406,0.4126163869645287,0.4711902548728394)
4456 345 3806	(0.15076039726877716,0.1232774670390166,0.17824332749853772)
4456 384 3806 6254	(0.14847144630664183,0.12091092451884278,0.17603196809444088)
4456 7255 1560	(0.15021725636250777,0.12304469236490115,0.1773898203601144)
4456 9194 7159 7255 6254	(0.1437965549348231,0.11501396610791789,0.17257914376172828)
4456 9194 8388 6254	(0.14777312228429546,0.1197470511482655,0.17579919342032543)
4552 496 9387 1560	(0.11089773432650528,0.08324022309115812,0.13855524556185245)
4552 8205 9387 8388 6254	(0.10994723774053383,0.08227032861567705,0.1376241468653906)
4913 8177	(0.1648626629422719,0.13642923612653987,0.1932960897580039)
5269 1084 4913	(0.10472920546244568,0.07714928578513702,0.13230912513975435)
5494 216 7159 1560 6254	(0.1461630974549969,0.11889354400984217,0.1734326509001516)
7778 1856 6254	(0.44207790192427066,0.41393544345118294,0.4702203603973583)
7778 384 3806 6254	(0.14858783364369957,0.12215238944745854,0.17502327783994057)
7778 5494 7159 6254	(0.4342605524518932,0.40695220322771924,0.4615689016760672)
7778 9194 8388 6254	(0.14810288640595903,0.12126008653001596,0.1749456862819021)
8205 9387 8388 6254	(0.11188702669149597,0.08572315294838966,0.13805090043460228)
