1856 7255 1560 6254	(0.1463376784605835,0.11904872712591913,0.17362662979524784)
216 7159 3806 1560	(0.14728817504655495,0.11889354400984217,0.1756828060832677)
2399 4456 7159 1560	(0.14839385474860337,0.12048417094963113,0.17630353854757558)
2399 7159 7255 1560	(0.14699720670391062,0.11966945959022701,0.17432495381759422)
345 7255 6254	(0.1524480136561142,0.12661390403467146,0.17828212327755696)
384 7159 8388	(0.15204065797641217,0.12587678423330587,0.17820453171951847)
384 7159 8388 3806 6254	(0.14377715704531346,0.1163718183735914,0.17118249571703556)
4456 7159 3806	(0.15178848541278708,0.12560521378017114,0.17797175704540302)
4552 7255 6254	(0.11049037864680322,0.08428770912467767,0.1366930481689288)
496 3806	(0.11231378026070764,0.08611111073858208,0.13851644978283317)
496 8388 3806 6254	(0.10725093109869646,0.08033053966471491,0.134171322532678)
5269 4913 9387	(0.1049231843575419,0.07901148317806067,0.13083488553702313)
5269 8615 4913 9387	(0.10375931098696461,0.0764121659837714,0.13110645599015783)
5494 216 1560 6254	(0.1489951893234016,0.1218420232153046,0.17614835543149862)
5494 216 7159 7255	(0.14882060831781502,0.1215704527621699,0.17607076387346013)
7159 7255 3806	(0.1543296089385475,0.12669149559270995,0.18196772228438501)
7778 1856 7159 8388	(0.14819987585350713,0.12129888230903521,0.17510086939797906)
7778 345 1560 6254	(0.14891759776536312,0.12195841055236234,0.17587678497836393)
7778 4456 3806 6254	(0.14787011173184358,0.12052296672865037,0.1752172567350368)
7778 7159 6254	(0.4442310676598386,0.41765983823703023,0.470802297082647)
7778 7159 7255 3806 6254	(0.1427102731222843,0.11513035344497563,0.17029019279959295)
9194 216 3806 6254	(0.14856843575418993,0.1213764738670737,0.1757603976413062)
9194 345 7159 1560 6254	(0.14594972067039105,0.1181952199874958,0.17370422135328634)
9194 6254	(0.45328988206083176,0.42693202942262926,0.4796477346990343)
