216 384 8388	(0.1527777777777778,0.12498448131586326,0.1805710742396923)
216 8388 3806	(0.15015906269397888,0.12277312191176643,0.17754500347619134)
2399 216 7255	(0.15140052762259465,0.12432495307253616,0.17847610217265317)
2399 345 7255 6254	(0.14722998137802606,0.1197470511482655,0.17471291160778663)
2399 384 3806	(0.15147811918063314,0.12440254463057462,0.17855369373069166)
2399 384 7159 8388	(0.14864602731222842,0.1214540654251122,0.17583798919934468)
345 7159 7255 1560	(0.1459109248913718,0.11869956511474594,0.17312228466799767)
384 8388 6254	(0.15293296089385475,0.1266526998136907,0.1792132219740188)
4456 216 7159 8388	(0.14808348851644942,0.12075574140276582,0.175411235630133)
4456 345 3806 6254	(0.1491503724394786,0.1215704527621699,0.17673029211678726)
4456 384 1560 6254	(0.14884000620732465,0.12133767808805446,0.17634233432659482)
4456 384 7159 7255	(0.1472493792675357,0.11912631868395762,0.17537243985111375)
4456 7255 1560 6254	(0.14618249534450653,0.11889354400984217,0.17347144667917086)
4552 8205 9387 6254	(0.17830540037243947,0.14946461787700543,0.20714618286787354)
4552 9387 3806 1560 6254	(0.10862818125387957,0.08033053966471491,0.13692582284304422)
4552 9387 8388 6254	(0.11190642458100558,0.08580074450642813,0.13801210465558303)
5269 2225	(0.1063780260707635,0.0804081312227534,0.1323479209187736)
5494 384 7255 6254	(0.14973230912476723,0.12199720633138159,0.17746741191815288)
5494 4456 7159 1560	(0.14858783364369957,0.12067814984472733,0.1764975174426718)
5494 7159 7255 1560	(0.1459691185599007,0.11869956511474594,0.1732386720050554)
7778	(0.4615145872129112,0.43492395990059324,0.4881052145252292)
7778 1856 8388 6254	(0.14839385474860337,0.12149286120413144,0.17529484829307526)
7778 216 7159 8388	(0.1478119180633147,0.12091092451884278,0.17471291160778663)
7778 3806 6254	(0.15163330229671013,0.12560521378017114,0.17766139081324908)
7778 384 7159 7255	(0.14851024208566108,0.1215704527621699,0.17545003140915225)
7778 7255 1560 6254	(0.14691961514587212,0.119824642706304,0.17401458758544028)
7778 9194 3806	(0.1515169149596524,0.1246353193046901,0.1783985106146147)
8177	(0.1707014276846679,0.1445375539415616,0.19686530142777423)
8205 9387 8388 3806 6254	(0.10668839230291745,0.07955462408433006,0.1338221605215048)
9194 7159 7255 1560 6254	(0.14292364990689013,0.11590626902536047,0.1699410307884198)
9387 3806 1560 6254	(0.12166356300434512,0.09359869608929593,0.14972842991939433)
9387 3806 6254	(0.12614447548106766,0.09976722495335551,0.1525217260087798)
