1084 8177 2225 9387	(0.10280881440099317,0.07606300397259821,0.12955462482938812)
1560	(0.5407549658597145,0.5136017997516175,0.5679081319678114)
1856 216 6254	(0.4455113283674736,0.4180477960272227,0.47297486070772454)
1856 4456 3806	(0.1516139044072005,0.12389819950332448,0.17932960931107653)
1856 7159 7255 1560 6254	(0.14441728739913098,0.11710893817495702,0.17172563662330495)
216 7159 7255 1560	(0.14688081936685288,0.11939788913709232,0.17436374959661344)
345 7159 3806 6254	(0.14884000620732465,0.12288950924882416,0.17479050316582512)
345 8388 3806	(0.14977110490378648,0.12250155145863173,0.1770406583489412)
4456 345 7159 8388	(0.14730757293606456,0.11970825536924626,0.17490689050288286)
4456 7159 7255	(0.15145872129112353,0.1253724391060557,0.17754500347619134)
4456 7159 8388 3806 6254	(0.14356378026070762,0.11633302259457215,0.17079453792684313)
4552 8388 3806	(0.10798805090006207,0.0809512721290228,0.13502482967110135)
496 7255	(0.11241076970825574,0.08622749807563981,0.13859404134087167)
496 9387 7255 1560 6254	(0.10723153320918684,0.08025294810667644,0.13421011831169727)
5494	(0.46269785847299816,0.436320607945286,0.4890751090007103)
5494 7159 3806 6254	(0.14957712600869025,0.12351024171313205,0.17564401030424845)
5609 1084 2225	(0.10507836747361887,0.07769242669140641,0.13246430825583133)
5609 8615	(0.10631983240223464,0.07773122247042566,0.13490844233404362)
7778 345 7159 8388	(0.1477925201738051,0.12056176250766962,0.17502327783994057)
7778 4456 7255 6254	(0.14757914338919925,0.11986343848532324,0.17529484829307526)
9194 216 7255 6254	(0.14965471756672874,0.12222998100549703,0.17707945412796045)
9194 7255 3806 6254	(0.14649286157666047,0.11912631868395762,0.1738594044693633)
