1856 4456 7159 7255 6254	(0.1463570763500931,0.11842799466161125,0.17428615803857497)
1856 7159 6254	(0.4440370887647424,0.41785381713212644,0.4702203603973583)
1856 7159 8388 3806 6254	(0.14375775915580385,0.11641061415261064,0.17110490415899707)
1856 9194 7255 6254	(0.14810288640595903,0.11850558621964974,0.17770018659226833)
216 3806 1560 6254	(0.1476179391682185,0.11889354400984217,0.17634233432659482)
216 3806 6254	(0.15345670391061453,0.1272734322779986,0.17963997554323047)
216 384 7159 6254	(0.4340277777777778,0.40540037206694957,0.462655183488606)
2399 216 7159 6254	(0.4363167287399131,0.40927994996887385,0.4633535075109524)
2399 7255 6254	(0.1521570453134699,0.12607076312840207,0.17824332749853772)
2399 9194 7255	(0.1516139044072005,0.12351024171313205,0.17971756710126893)
345 7255 1560	(0.14948013656114215,0.12230757256353553,0.17665270055874877)
384 9194 6254	(0.4431447858472998,0.41273277430158645,0.4735567973930132)
384 9194 7159 1560 6254	(0.14519320297951582,0.11648820571064913,0.17389820024838254)
384 9194 7159 6254	(0.4337756052141527,0.40318901266285273,0.4643621977654527)
4456	(0.4629306331471136,0.4364369952823437,0.48942427101188346)
4456 216 3806	(0.15145872129112353,0.12436374885155538,0.17855369373069166)
4552 496 9387 8388	(0.11060676598386096,0.08312383575410039,0.13808969621362152)
4552 7255 1560	(0.10810443823711981,0.08099006790804204,0.13521880856619756)
496 9387 8388 3806 6254	(0.10678538175046555,0.07978739875844552,0.1337833647424856)
5494 1856 7255	(0.15118715083798884,0.12304469236490115,0.17932960931107653)
5494 9194 7159	(0.4438819056486654,0.41610800707626056,0.4716558042210703)
7778 7159 1560	(0.15122594661700806,0.12513966443194025,0.1773122288020759)
8305 1392	(0.11369103041589075,0.08649906852877451,0.140882992303007)
9194 1560	(0.15535769708255742,0.12917442544994148,0.18154096871517336)
9194 345 7159	(0.4435133457479826,0.41420701390431763,0.4728196775916476)
