1084 8615 8177	(0.10488438857852266,0.077304468901214,0.13246430825583133)
1856 4456 6254	(0.4439400993171943,0.4150217252637217,0.47285847337066683)
2399 1856 7159 3806	(0.14856843575418993,0.12075574140276582,0.17638113010561407)
2399 345 7159 8388	(0.14767613283674735,0.1202901920545349,0.1750620736189598)
2399 4456 7159	(0.4433193668528864,0.4146725632525486,0.47196617045322425)
2399 7159 8388 1560	(0.14647346368715083,0.11904872712591913,0.17389820024838254)
345 8388 6254	(0.15246741154562385,0.1264587209185945,0.17847610217265317)
4456 345 1560 6254	(0.1479864990689013,0.12036778361257339,0.1756052145252292)
4456 345 7159 7255	(0.14748215394165115,0.11932029757905382,0.17564401030424845)
4552 8205 8388	(0.11074255121042831,0.08300744841704266,0.13847765400381395)
4552 8388 6254	(0.11223618870266915,0.08607231495956284,0.13840006244577546)
5269 8177 2225	(0.10463221601489758,0.07780881402846414,0.13145561800133101)
5494 1560	(0.1567931409062694,0.13068746083169194,0.18289882098084684)
5494 345 7159	(0.4441922718808194,0.41618559863429905,0.47219894512733973)
5494 384 7159 8388	(0.1478895096213532,0.12044537517061188,0.1753336440720945)
7159 8388 3806	(0.15458178150217255,0.12742861539407557,0.18173494761026956)
7778 1560 6254	(0.15176908752327747,0.12576039689624813,0.17777777815030682)
7778 345 7159 7255	(0.14975170701427684,0.12226877678451628,0.1772346372440374)
7778 4456 1560	(0.1512647423960273,0.12370422060822828,0.17882526418382635)
8205 3806	(0.11113050900062073,0.08486964580996631,0.13739137219127515)
8205 9387 8388 1560 6254	(0.10752250155183116,0.08044692700177265,0.13459807610188967)
9387 1560 6254	(0.12552374301675978,0.09922408404708612,0.15182340198643343)
