1856 216 7255	(0.1525256052141527,0.12506207287390175,0.17998913755440366)
1856 4456 8388	(0.15176908752327747,0.12397579106136297,0.17956238398519198)
216 7159 6254	(0.4444832402234637,0.41793140869016493,0.4710350717567624)
345 7159 7255 3806	(0.145697548106766,0.11823401576651504,0.17316108044701692)
384 7159 3806 1560	(0.1475209497206704,0.11939788913709232,0.17564401030424845)
4456 7159 7255 1560	(0.14602731222842955,0.11866076933572672,0.1733938551211324)
5269 1084 9387	(0.10424425822470515,0.07652855332082913,0.13195996312858116)
5494 4456 7159 3806	(0.14854903786468032,0.12056176250766962,0.17653631322169105)
5494 7159 7255 3806	(0.14567815021725636,0.11807883265043806,0.17327746778407466)
5494 9194 7159 1560 6254	(0.145697548106766,0.11761328330220716,0.1737818129113248)
5609 5269 4913 9387	(0.1031967721911856,0.07602420819357898,0.1303693361887922)
7778 4456 7159 1560	(0.14808348851644942,0.12071694562374657,0.17545003140915225)
7778 5494 6254	(0.44293140906269396,0.4154872746119527,0.4703755435134353)
7778 7159 7255 1560	(0.1459109248913718,0.11869956511474594,0.17312228466799767)
8205 9387 7255 1560 6254	(0.10705695220360024,0.07990378609550325,0.13421011831169727)
8615	(0.10843420235878336,0.0825031032897925,0.13436530142777423)
9194 216 7159 1560	(0.14878181253879577,0.12160924854118915,0.1759543765364024)
9194 3806 1560	(0.15004267535692117,0.1218420232153046,0.17824332749853772)
9194 7159 1560 6254	(0.14866542520173806,0.12246275567961248,0.1748680947238636)
