1856 7159 8388 1560	(0.14660924891371818,0.11908752290493838,0.174130974922498)
1856 9194 7159 3806 6254	(0.14513500931098697,0.11625543103653366,0.17401458758544028)
216 7159 7255 6254	(0.14868482309124767,0.12254034723765098,0.17482929894484436)
2399 1856 7159 8388 6254	(0.14556176288019865,0.11776846641828412,0.17335505934211315)
2399 345 7159 3806 6254	(0.1458139354438237,0.11862197355670748,0.17300589733093996)
2399 7159	(0.45344506517690875,0.42685443786459076,0.48003569248922673)
2399 7159 8388 3806	(0.146260086902545,0.11897113556788066,0.17354903823720935)
496 7255 1560 6254	(0.10728972687771571,0.08025294810667644,0.13432650564875498)
5269 1084 4913 9387	(0.10302219118559901,0.07532588417123261,0.1307184981999654)
5269 9387	(0.1068241775294848,0.08079608901294583,0.13285226604602374)
5494 1560 6254	(0.15330152079453754,0.12715704494094088,0.17944599664813424)
5494 216 7159 8388 6254	(0.14501862197392923,0.11780726219730336,0.1722299817505551)
5494 3806	(0.15621120422098075,0.13022191148346104,0.18220049695850046)
5494 7159 7255	(0.15176908752327747,0.1256440095591904,0.17789416548736453)
5609 1084 8177 9387	(0.10327436374922408,0.07625698286769443,0.13029174463075374)
5609 8615 2225	(0.1046516139044072,0.07598541241455974,0.13331781539425466)
6254	(0.6554546865301055,0.628941650775826,0.6819677222843851)
7778 1856 7159	(0.4421360955927995,0.4145949716945101,0.4696772194910889)
7778 4456 3806	(0.15174968963376784,0.1246353193046901,0.1788640599628456)
