1084 8177 2225	(0.10426365611421477,0.07742085623827172,0.13110645599015783)
1856 216 7159 8388 6254	(0.1446112662942272,0.11718652973299548,0.1720360028554589)
1856 7159 3806	(0.15157510862818124,0.1254500306640942,0.17770018659226833)
216 384 6254	(0.44335816263190564,0.414905337926664,0.47181098733714727)
216 384 7159 3806	(0.14901458721291125,0.12102731185590052,0.17700186256992195)
2399 1856 7159 1560	(0.148975791433892,0.12129888230903521,0.17665270055874877)
2399 216 7159 3806	(0.14827746741154563,0.12153165698315066,0.17502327783994057)
2399 384 7159 6254	(0.43559900682805713,0.4081160765982965,0.4630819370578177)
2399 7255 3806	(0.14980990068280572,0.12203600211040083,0.1775837992552106)
2399 9194 8388	(0.1511677529484792,0.12331626281803584,0.17901924307892259)
384 3806 6254	(0.152254034761018,0.12610955890742132,0.1783985106146147)
384 9194 3806	(0.15147811918063314,0.12281191769078567,0.1801443206704806)
384 9194 7159 3806	(0.1480640906269398,0.11916511446297687,0.1769630667909027)
4126 6699	(0.11462212911235257,0.08789571657346724,0.1413485416512379)
4456 216 7159 6254	(0.43462911235257606,0.4046244564865647,0.4646337682185874)
4456 8388 1560 6254	(0.14693901303538176,0.11932029757905382,0.17455772849170967)
4456 9194 1560 6254	(0.14884000620732465,0.12079453718178507,0.17688547523286421)
4456 9194 7159 7255	(0.14740456238361266,0.11897113556788066,0.17583798919934468)
4552 9387 3806 6254	(0.11190642458100558,0.08568435716937041,0.13812849199264077)
5494 1856 8388	(0.15122594661700806,0.12343265015509355,0.17901924307892259)
5494 9194 7159 8388 6254	(0.14492163252638113,0.11726412129103397,0.17257914376172828)
5609 1084 2225 9387	(0.10344894475481067,0.07637337020475216,0.1305245193048692)
5609 5269 2225	(0.10534993792675357,0.07792520136552188,0.13277467448798527)
5609 8615 9387	(0.10449643078833024,0.07571384196142504,0.13327901961523542)
7159 8388 1560	(0.15510552451893234,0.12750620695211404,0.18270484208575064)
7778 1856 3806 6254	(0.1485296399751707,0.12203600211040083,0.17502327783994057)
7778 216 7159 6254	(0.4353080384854128,0.4078057103661426,0.462810366604683)
7778 8388 1560 6254	(0.14670623836126628,0.11908752290493838,0.17432495381759422)
7778 9194 7159 7255	(0.14868482309124767,0.12188081899432385,0.1754888271881715)
8205 1560	(0.11246896337678461,0.08626629385465905,0.13867163289891016)
9194 7159 7255 6254	(0.1487042209807573,0.12265673457470871,0.17475170738680587)
9194 7159 8388 1560 6254	(0.1441845127250155,0.11652700148966835,0.17184202396036266)
