1856 3806	(0.1566185599006828,0.13068746083169194,0.18254965896967365)
1856 7159 7255	(0.1511677529484792,0.12494568553684404,0.1773898203601144)
1856 7255 3806 6254	(0.1460855058969584,0.1181952199874958,0.17397579180642103)
1856 9194 7159 1560	(0.14845204841713222,0.12005741738041945,0.176846679453845)
216 384 7159 7255	(0.14864602731222842,0.12032898783355414,0.1769630667909027)
216 7255 3806	(0.15008147113594042,0.12242395990059327,0.17773898237128757)
2399 216 7159 7255	(0.14823867163252638,0.12122129075099672,0.17525605251405604)
2399 384 7159 1560 6254	(0.1454453755431409,0.11823401576651504,0.17265673531976677)
2399 7159 1560	(0.1509931719428926,0.12471291086272857,0.17727343302305665)
2399 9194 7159 3806	(0.1475985412787089,0.1197470511482655,0.17545003140915225)
345 216 7159 1560	(0.14845204841713222,0.1216480443202084,0.17525605251405604)
345 384	(0.45263035381750466,0.4245266911234362,0.4807340165115731)
384 7255 6254	(0.1525256052141527,0.1264587209185945,0.1785924895097109)
384 8388 1560 6254	(0.14709419615145872,0.11959186803218855,0.17459652427072891)
384 9194 1560 6254	(0.14872361887026692,0.11994103004336173,0.1775062076971721)
384 9194 7159 7255	(0.14814168218497828,0.11935909335807307,0.17692427101188346)
384 9194 7255	(0.15186607697082558,0.1230834881439204,0.18064866579773076)
4456 216 8388	(0.15132293606455618,0.12382060794528599,0.17882526418382635)
4456 3806 1560 6254	(0.14713299193047796,0.11862197355670748,0.17564401030424845)
4456 384 6254	(0.44192271880819367,0.41246120384845175,0.4713842337679356)
4456 9194 6254	(0.44262104283054005,0.4126939785225672,0.4725481071385129)
4552 496 1560	(0.11126629422718808,0.08362818088135054,0.13890440757302563)
4552 9387 7255 6254	(0.11004422718808193,0.08382215977644676,0.13626629459971712)
496 9387 3806	(0.11225558659217877,0.08611111073858208,0.13840006244577546)
5269 4913	(0.10631983240223464,0.08048572278079189,0.1321539420236774)
5494 4456 8388 6254	(0.14876241464928616,0.12083333296080431,0.176691496337768)
5494 9194 1560	(0.15140052762259465,0.12358783327117054,0.1792132219740188)
5609 1084 4913 9387	(0.10302219118559901,0.07598541241455974,0.1300589699566383)
5609 9387	(0.10680477963997517,0.08064090589686886,0.13296865338308148)
7255 1560	(0.524848696461825,0.4969196147733431,0.5527777781503068)
7778 1856 7255 6254	(0.14845204841713222,0.12195841055236234,0.1749456862819021)
7778 345 3806 6254	(0.14882060831781502,0.12188081899432385,0.1757603976413062)
7778 3806 1560 6254	(0.1478119180633147,0.11943668491611156,0.17618715121051787)
7778 384 1560 6254	(0.148975791433892,0.12234636834255477,0.1756052145252292)
7778 384 3806	(0.15178848541278708,0.12506207287390175,0.1785148979516724)
8388 1560	(0.526691495965239,0.49738516412157396,0.5559978278089039)
8615 9387	(0.10680477963997517,0.08079608901294583,0.13281347026700452)
9194 345 1560	(0.15209885164494102,0.12416976995645918,0.18002793333342287)
9194 345 7159 3806 6254	(0.1459109248913718,0.1181952199874958,0.17362662979524784)
9194 7159 3806 1560 6254	(0.1442427063935444,0.1161002479204567,0.17238516486663208)
9194 7159 8388 3806	(0.14620189323401614,0.11904872712591913,0.17335505934211315)
