1856 7255 1560	(0.1507216014897579,0.1234714459341128,0.17797175704540302)
1856 9194 7159 8388 6254	(0.14505741775294848,0.11660459304770684,0.1735102424581901)
2399 345 7159 8388 6254	(0.14527079453755432,0.11780726219730336,0.17273432687780527)
2399 7159 3806 1560 6254	(0.1442427063935444,0.11586747324634122,0.17261793954074753)
345 7159 7255	(0.15180788330229672,0.12572160111722888,0.17789416548736453)
345 7255 3806 6254	(0.14577513966480446,0.11835040310357278,0.17319987622603616)
4456 7159 7255 3806	(0.14614369956548728,0.11862197355670748,0.1736654255742671)
4913	(0.1707790192427064,0.14473153283665782,0.19682650564875498)
5494 384 7159 7255 6254	(0.146260086902545,0.11893233978886142,0.1735878340162286)
5494 9194 7159 1560	(0.14866542520173806,0.12079453718178507,0.17653631322169105)
7778 4456 7159 3806	(0.14767613283674735,0.12060055828668884,0.17475170738680587)
7778 7159 7255 3806	(0.1458139354438237,0.11827281154553429,0.17335505934211315)
8388	(0.5405997827436375,0.5134854124145597,0.5677141530727152)
9194 216 7159 3806	(0.14818047796399753,0.12133767808805446,0.17502327783994057)
