2399 345 1560	(0.15194366852886407,0.12467411508370932,0.1792132219740188)
345 384 1560	(0.15206005586592178,0.12467411508370932,0.17944599664813424)
345 384 7159 3806 6254	(0.1453483860955928,0.11831160732455354,0.17238516486663208)
345 7159 7255 3806 6254	(0.14282666045934203,0.11547951545614882,0.17017380546253524)
345 7159 8388	(0.15180788330229672,0.12568280533820964,0.17793296126638378)
384 1560	(0.15673494723774054,0.13068746083169194,0.18278243364378913)
384 7159 8388 1560 6254	(0.1438159528243327,0.11606145214143745,0.17157045350722797)
4456 7159 8388 6254	(0.14866542520173806,0.12230757256353553,0.17502327783994057)
4552 7255 3806 6254	(0.10822082557417753,0.08099006790804204,0.13545158324031303)
4552 8205 8388 6254	(0.11031579764121664,0.082580694847831,0.13805090043460228)
496 8388 1560 6254	(0.10798805090006207,0.08087368057098432,0.13510242122913985)
496 9387 3806 1560	(0.10886095592799504,0.08052451855981113,0.13719739329617894)
5269 4913 2225 9387	(0.1038369025450031,0.07656734909984837,0.13110645599015783)
5494 4456 7159 8388 6254	(0.14532898820608317,0.11741930440711096,0.1732386720050554)
5494 9194	(0.45342566728739914,0.4257293602730327,0.4811219743017655)
5609 1084	(0.10684357541899442,0.07951582830531082,0.134171322532678)
5609 5269 8177	(0.10494258224705152,0.07757603935434869,0.13230912513975435)
7778 1560	(0.15498913718187463,0.12886405921778754,0.18111421514596168)
7778 345 7159 8388 6254	(0.14455307262569833,0.11722532551201473,0.1718808197393819)
7778 5494	(0.4511949099937927,0.4239835502171668,0.47840626977041856)
7778 7159 7255 1560 6254	(0.14286545623836128,0.11563469857222577,0.17009621390449675)
7778 7159 8388 6254	(0.14858783364369957,0.12246275567961248,0.17471291160778663)
8205 3806 6254	(0.11171244568590938,0.08545158249525496,0.13797330887656378)
9194 216 1560 6254	(0.14847144630664183,0.12126008653001596,0.1756828060832677)
9194 216 6254	(0.44601567349472376,0.4170779015517416,0.47495344543770596)
