1856 216 8388	(0.15093497827436375,0.12343265015509355,0.17843730639363392)
1856 4456 7159 1560 6254	(0.14602731222842955,0.1180012410923996,0.1740533833644595)
1856 8388 1560 6254	(0.1468032278088144,0.1192815018000346,0.17432495381759422)
1856 9194 7159 7255	(0.1473657666045934,0.1180012410923996,0.17673029211678726)
216 7159 3806	(0.1527195841092489,0.126536312476633,0.17890285574186485)
2399 7159 7255	(0.15204065797641217,0.12591558001232508,0.17816573594049923)
345 216 1560 6254	(0.14895639354438237,0.12199720633138159,0.17591558075738314)
345 216 7159 7255	(0.14847144630664183,0.12141526964609295,0.17552762296719074)
345 7159 8388 6254	(0.149538330229671,0.12343265015509355,0.17564401030424845)
384 7159 6254	(0.4452397579143389,0.4187073242705498,0.47177219155812805)
4456 7159 7255 3806 6254	(0.14313702669149597,0.11544071967712957,0.17083333370586237)
4552	(0.17948867163252638,0.15291744220971804,0.20605990105533475)
4552 496 7255	(0.11105291744258225,0.08366697666036979,0.1384388582247947)
5494 4456 1560 6254	(0.14938314711359404,0.12114369919295825,0.17762259503422984)
5494 7159 8388 6254	(0.14835505896958412,0.12203600211040083,0.17467411582876738)
5494 7255 6254	(0.15283597144630665,0.12676908715074844,0.17890285574186485)
5494 9194 7255	(0.1511677529484792,0.12292830502784341,0.179407200869115)
7778 1856 7159 6254	(0.4332324643078833,0.4053615762879303,0.4611033523278363)
7778 4456 7159 7255 6254	(0.14649286157666047,0.11897113556788066,0.17401458758544028)
7778 5494 3806	(0.15173029174425823,0.12479050242076706,0.1786700810677494)
7778 7159 8388 3806 6254	(0.14321461824953446,0.11621663525751441,0.1702126012415545)
9194 345 7255	(0.1524286157666046,0.12405338261940144,0.18080384891380774)
