1084 8615	(0.10715394165114836,0.07936064518923384,0.13494723811306286)
1856 216 1560	(0.1517108938547486,0.12448013618861312,0.1789416515208841)
1856 345 8388	(0.15237042209807572,0.12401458684038222,0.18072625735576925)
1856 6254	(0.4536778398510242,0.42759155766595636,0.47976412203609203)
216 7255 6254	(0.15221523898199876,0.12607076312840207,0.17835971483559546)
2399 1856	(0.4518544382371198,0.42293606418364726,0.4807728122905923)
2399 216 3806	(0.15128414028553694,0.12432495307253616,0.17824332749853772)
2399 345 3806 6254	(0.1488012104283054,0.12149286120413144,0.17610955965247937)
2399 384 1560 6254	(0.14920856610800745,0.12222998100549703,0.17618715121051787)
2399 8388 3806	(0.14959652389819988,0.12230757256353553,0.17688547523286421)
2399 9194 7159 6254	(0.4364913097454997,0.4082712597143735,0.46471135977662587)
345 384 7255 6254	(0.14891759776536312,0.12168684009922764,0.17614835543149862)
345 384 8388 6254	(0.14755974549968964,0.12021260049649643,0.17490689050288286)
345 7159 3806 1560	(0.1474239602731223,0.11924270602101536,0.1756052145252292)
4456 216 7255	(0.1523510242085661,0.12486809397880555,0.17983395443832667)
4456 345	(0.45307650527622595,0.42448789534441694,0.4816651152080349)
4456 384 7159 3806	(0.14872361887026692,0.12106610763491976,0.17638113010561407)
4456 9194 7159 1560 6254	(0.145697548106766,0.11738050862809171,0.17401458758544028)
4552 9387 8388 1560 6254	(0.10736731843575419,0.08025294810667644,0.13448168876483196)
496 9387 6254	(0.17840238981998757,0.15190875195521772,0.20489602768475745)
5269 1084 8177 9387	(0.10259543761638734,0.07505431371809791,0.13013656151467676)
5494 216	(0.45305710738671634,0.42565176871499427,0.4804624460584384)
5494 384 3806 6254	(0.1487042209807573,0.12129888230903521,0.17610955965247937)
5494 7159 3806 1560	(0.14682262569832402,0.11873836089376519,0.17490689050288286)
7778 216 1560 6254	(0.14903398510242086,0.12219118522647779,0.17587678497836393)
7778 216 8388	(0.1512453445065177,0.12409217839842068,0.1783985106146147)
7778 384 6254	(0.4443280571073867,0.41645716908743374,0.47219894512733973)
7778 384 7159 3806	(0.14800589695841093,0.12122129075099672,0.17479050316582512)
7778 5494 7159	(0.4418451272501552,0.4145949716945101,0.4690952828058003)
8205 9387 8388	(0.11211980136561142,0.08591713184348587,0.13832247088773697)
9194 7159 8388 6254	(0.14882060831781502,0.12257914301667022,0.1750620736189598)
9387 8388 1560 6254	(0.1209070453134699,0.09328832985714199,0.1485257607697978)
