216 384	(0.45189323401613907,0.42371197976403213,0.480074488268246)
216 384 1560	(0.15176908752327747,0.1237430163872475,0.17979515865930742)
2399 345 7255	(0.1523510242085661,0.1246353193046901,0.18006672911244212)
2399 384 7159	(0.44258224705152077,0.415060521042741,0.4701039730603006)
2399 384 7159 1560	(0.14831626319056487,0.12114369919295825,0.1754888271881715)
2399 9194 7159 7255 6254	(0.14488283674736188,0.1165657972686876,0.17319987622603616)
2399 9194 8388 6254	(0.14800589695841093,0.12017380471747718,0.17583798919934468)
345 384 7255	(0.1523510242085661,0.12506207287390175,0.17963997554323047)
345 7159 8388 1560 6254	(0.1434473929236499,0.11598386058339896,0.17091092526390084)
384 3806 1560	(0.1510707635009311,0.12261793879568947,0.17952358820617273)
384 7255	(0.15566806331471136,0.12948479168209542,0.1818513349473273)
4456 216 7159 1560	(0.1488981998758535,0.1213764738670737,0.17641992588463332)
4456 345 7159 1560 6254	(0.14527079453755432,0.11745810018613018,0.17308348888897845)
4456 384 7159 8388 6254	(0.14538718187461205,0.11788485375534186,0.17288950999388222)
4552 496 9387 3806 6254	(0.11035459342023587,0.08304624419606191,0.13766294264440987)
4552 8205 1560 6254	(0.11134388578522657,0.08362818088135054,0.1390595906891026)
4552 8388 1560 6254	(0.10779407200496587,0.08064090589686886,0.13494723811306286)
4552 9387 3806 1560	(0.10897734326505276,0.0806797016758881,0.1372749848542174)
5494 4456 7159 1560 6254	(0.1457363438857852,0.11769087486024565,0.1737818129113248)
5494 9194 7159 8388	(0.14783131595282434,0.12013500893845794,0.17552762296719074)
5609 1084 9387	(0.10484559279950341,0.07761483513336793,0.1320763504656389)
5609 5269	(0.10701815642458101,0.07959341986334931,0.1344428929858127)
7778 216 7159 1560	(0.14837445685909373,0.1216480443202084,0.17510086939797906)
7778 345 7159 1560 6254	(0.14565875232774675,0.11866076933572672,0.17265673531976677)
7778 384 7159 8388 6254	(0.14593032278088144,0.11904872712591913,0.17281191843584373)
7778 7159 1560 6254	(0.14847144630664183,0.12246275567961248,0.17448013693367118)
7778 7255	(0.15543528864059591,0.12929081278699922,0.18157976449419258)
7778 9194 7159	(0.44275682805710737,0.4153320914958757,0.4701815646183391)
9194 7159 7255 1560	(0.1459691185599007,0.11889354400984217,0.1730446931099592)
9387 6254	(0.21306641837368095,0.18639819950332448,0.2397346372440374)
