1856 7255 3806	(0.1494413407821229,0.12153165698315066,0.17735102458109514)
1856 9194 8388	(0.15174968963376784,0.12331626281803584,0.18018311644949986)
216 384 7159	(0.44256284916201116,0.41412942234627914,0.4709962759777432)
216 7159 1560 6254	(0.14854903786468032,0.12242395990059327,0.17467411582876738)
2399 1856 7159 1560 6254	(0.14604671011793915,0.11835040310357278,0.17374301713230555)
2399 345 6254	(0.4445608317815022,0.41727188044683783,0.47184978311616654)
2399 3806 1560	(0.15074099937926755,0.12230757256353553,0.17917442619499954)
2399 384 7255 6254	(0.14994568590937307,0.12254034723765098,0.17735102458109514)
345 216 8388	(0.15192427063935443,0.12486809397880555,0.17898044729990334)
345 384 6254	(0.44380431409062693,0.4152544999378372,0.47235412824341666)
384 6254	(0.4541433891992551,0.42755276188693714,0.4807340165115731)
4456 7255 3806 6254	(0.14645406579764123,0.11877715667278443,0.174130974922498)
4456 8388 1560	(0.14982929857231533,0.12238516412157402,0.17727343302305665)
4456 9194 7159 1560	(0.1485296399751707,0.12052296672865037,0.17653631322169105)
4456 9194 7159 8388 6254	(0.14428150217256364,0.11602265636241821,0.17254034798270904)
4913 9387	(0.16625931098696461,0.1403476098074834,0.19217101216644586)
496 9387 3806 6254	(0.11190642458100558,0.08580074450642813,0.13801210465558303)
5269 1084 2225	(0.10412787088764743,0.0764897575418099,0.13176598423348496)
5494 1856 7159 3806 6254	(0.14496042830540037,0.11691495927986079,0.17300589733093996)
5494 9194 7159 3806	(0.14785071384233395,0.11994103004336173,0.1757603976413062)
7778 216 7255 6254	(0.14874301675977653,0.12172563587824689,0.1757603976413062)
7778 345 7255	(0.15256440099317195,0.1250232770948825,0.18010552489146137)
7778 6254	(0.45288252638112975,0.4263112969583214,0.4794537558039381)
7778 7255 3806 6254	(0.14560055865921787,0.1179236495343611,0.17327746778407466)
7778 9194 7159 1560	(0.14787011173184358,0.12075574140276582,0.17498448206092132)
7778 9194 7159 3806 6254	(0.14511561142147733,0.11831160732455354,0.17191961551840115)
9194 345 7159 8388	(0.14841325263811297,0.12044537517061188,0.17638113010561407)
9194 7159 7255 3806 6254	(0.14292364990689013,0.11571229013026427,0.170135009683516)
