1084 8615 4913	(0.10527234636871509,0.0777700182494449,0.13277467448798527)
1856 345 8388 6254	(0.14913097454996896,0.12079453718178507,0.17746741191815288)
1856 7159 8388 3806	(0.14637647423960273,0.11912631868395762,0.17362662979524784)
1856 9194 6254	(0.444211669770329,0.4154096830539142,0.4730136564867438)
216 8388 1560	(0.14980990068280572,0.12211359366843932,0.1775062076971721)
2399 216	(0.45338687150837986,0.4263500927373406,0.48042365027941913)
2399 384 1560	(0.15209885164494102,0.1250232770948825,0.17917442619499954)
2399 9194 7159	(0.44372672253258844,0.4154484788329334,0.4720049662322435)
345 216 6254	(0.4452397579143389,0.41700030999370313,0.4734792058349747)
345 7255 1560 6254	(0.14620189323401614,0.11900993134689988,0.1733938551211324)
384 9194 7159 7255 6254	(0.14482464307883303,0.11540192389811033,0.17424736225955573)
4456 216 7159 8388 6254	(0.14548417132216016,0.11815642420847655,0.17281191843584373)
4456 3806 1560	(0.15112895716945995,0.1227343261327472,0.17952358820617273)
4456 8388 3806 6254	(0.14691961514587212,0.11951427647415006,0.17432495381759422)
4456 9194	(0.4506905648665425,0.42130664146483904,0.480074488268246)
4456 9194 7159 3806 6254	(0.1441457169459963,0.11559590279320653,0.17269553109878602)
4552 496 1560 6254	(0.11085893854748603,0.08320142731213888,0.13851644978283317)
5269	(0.10851179391682185,0.08254189906881175,0.13448168876483196)
5494 1856 7159	(0.44300900062073245,0.4145173801364716,0.47150062110499336)
5494 1856 8388 6254	(0.148258069522036,0.12052296672865037,0.17599317231542164)
5494 7255 1560 6254	(0.14585273122284295,0.11846679044063049,0.1732386720050554)
5609 4913 8177	(0.10455462445685909,0.07660614487886762,0.13250310403485055)
7778 216 7159 7255 6254	(0.14529019242706392,0.11842799466161125,0.1721523901925166)
7778 216 7159 8388 6254	(0.14492163252638113,0.1179236495343611,0.17191961551840115)
7778 8388 3806 6254	(0.14666744258224707,0.11943668491611156,0.17389820024838254)
7778 9194 1560	(0.15192427063935443,0.12486809397880555,0.17898044729990334)
9194 345 7159 6254	(0.43493947858473,0.4050512100557764,0.4648277471136836)
9387 7255	(0.19409528243327126,0.16781502135310722,0.2203755435134353)
