1856 216 7159 1560 6254	(0.14505741775294848,0.11745810018613018,0.17265673531976677)
1856 9194 7159 3806	(0.14810288640595903,0.11943668491611156,0.1767690878958065)
216 7159 8388 1560	(0.14660924891371818,0.11893233978886142,0.17428615803857497)
2399 1856 1560 6254	(0.14860723153320918,0.12079453718178507,0.17641992588463332)
2399 1856 7159 7255	(0.14847144630664183,0.12052296672865037,0.17641992588463332)
2399 7159 3806	(0.15167209807572937,0.1254500306640942,0.17789416548736453)
345 216 7159 3806	(0.1480640906269398,0.1214540654251122,0.17467411582876738)
345 384 7159 6254	(0.4339695841092489,0.40559435096204577,0.46234481725645205)
384 7159 7255 3806 6254	(0.14294304779639974,0.11536312811909108,0.17052296747370843)
4552 496 3806	(0.11105291744258225,0.08378336399742752,0.13832247088773697)
496 7255 3806 6254	(0.10810443823711981,0.08099006790804204,0.13521880856619756)
5269 1084 8177	(0.10397268777157045,0.07637337020475216,0.13157200533838875)
5494 3806 6254	(0.15275837988826815,0.12684667870878694,0.1786700810677494)
5494 9194 3806	(0.15083798882681565,0.1230834881439204,0.1785924895097109)
7255 3806	(0.527254034761018,0.4978507134698049,0.5566573560522311)
7778 4456 7159 3806 6254	(0.14476644941030417,0.11738050862809171,0.1721523901925166)
7778 4456 8388 6254	(0.14785071384233395,0.12048417094963113,0.1752172567350368)
7778 7159 8388	(0.15227343265052762,0.1261871504654598,0.17835971483559546)
8205 7255	(0.11066495965238982,0.08448168801977389,0.13684823128500576)
8205 9387 3806 1560 6254	(0.10833721291123526,0.0799425818745225,0.13673184394794802)
8388 3806	(0.5263229360645562,0.49734636834255475,0.5552995037865576)
9194 216 7159	(0.44269863438857854,0.41393544345118294,0.4714618253259741)
9194 216 8388 6254	(0.1497905027932961,0.12234636834255477,0.1772346372440374)
9194 345 3806	(0.15192427063935443,0.12409217839842068,0.17975636288028818)
9194 8388	(0.15553227808814402,0.12929081278699922,0.1817737433892888)
