1856 216 7159 3806	(0.1474239602731223,0.12013500893845794,0.17471291160778663)
1856 7255 6254	(0.1527195841092489,0.12661390403467146,0.17882526418382635)
1856 9194 7255	(0.15064400993171942,0.12160924854118915,0.17967877132224971)
216 384 7255 6254	(0.1493249534450652,0.12067814984472733,0.17797175704540302)
2399 216 7255 6254	(0.1495189323401614,0.12242395990059327,0.17661390477972952)
2399 3806	(0.15640518311607698,0.1301831157044418,0.18262725052771214)
2399 7159 1560 6254	(0.14864602731222842,0.12246275567961248,0.17482929894484436)
2399 9194 1560	(0.1511677529484792,0.12339385437607434,0.1789416515208841)
2399 9194 3806 6254	(0.14837445685909373,0.12067814984472733,0.17607076387346013)
345 216 7255	(0.1524480136561142,0.12525605176899798,0.17963997554323047)
3806 1560 6254	(0.2740727808814401,0.24583333296080428,0.3023122288020759)
384 9194 7159	(0.4416705462445686,0.4116076967100284,0.4717333957791088)
384 9194 7255 6254	(0.14827746741154563,0.11893233978886142,0.17762259503422984)
4456 384 7159 3806 6254	(0.1458139354438237,0.11846679044063049,0.17316108044701692)
4552 496 9387	(0.17824720670391062,0.14993016722523633,0.2065642461825849)
5494 1856 1560	(0.15118715083798884,0.12343265015509355,0.1789416515208841)
5494 7159 7255 1560 6254	(0.14300124146492862,0.11567349435124502,0.1703289885786122)
5494 9194 7159 6254	(0.43643311607697083,0.4086204217255467,0.46424581042839497)
5609 8177 2225	(0.1043800434512725,0.07738206045925247,0.13137802644329255)
7159 3806 1560 6254	(0.15217644320297952,0.12389819950332448,0.18045468690263455)
7778 1856 3806	(0.15145872129112353,0.12475170664174781,0.17816573594049923)
7778 1856 7159 1560 6254	(0.1455229671011794,0.11889354400984217,0.1721523901925166)
7778 384 7159 3806 6254	(0.14527079453755432,0.11869956511474594,0.17184202396036266)
7778 5494 7159 3806	(0.14858783364369957,0.12141526964609295,0.1757603976413062)
7778 7255 1560	(0.14920856610800745,0.12195841055236234,0.17645872166365256)
8205 9387 8388 3806	(0.1075612973308504,0.08052451855981113,0.13459807610188967)
8615 4913 9387	(0.10486499068901303,0.07893389162002218,0.1307960897580039)
9194 345 7159 7255	(0.14866542520173806,0.12032898783355414,0.17700186256992195)
9387 7255 1560	(0.18718963376784606,0.15982309087514324,0.21455617666054888)
