1856 3806 6254	(0.1531657355679702,0.12707945338290239,0.17925201775303803)
1856 4456 7159 7255	(0.14922796399751706,0.12122129075099672,0.1772346372440374)
1856 9194 3806	(0.15178848541278708,0.12323867125999735,0.18033829956557682)
216 384 3806 6254	(0.1496159217877095,0.12114369919295825,0.17808814438246076)
216 384 7159 7255 6254	(0.1457945375543141,0.11745810018613018,0.174130974922498)
2399 216 3806 6254	(0.1488012104283054,0.1218420232153046,0.1757603976413062)
345 216 3806	(0.15178848541278708,0.12494568553684404,0.17863128528873015)
345 7159 7255 1560 6254	(0.14274906890130354,0.11551831123516806,0.169979826567439)
384 7159 1560 6254	(0.14969351334574799,0.1234714459341128,0.17591558075738314)
384 8388 1560	(0.15021725636250777,0.12250155145863173,0.17793296126638378)
384 9194 3806 6254	(0.14829686530105524,0.11939788913709232,0.17719584146501816)
4456 9194 7255 6254	(0.14887880198634387,0.12005741738041945,0.17770018659226833)
4552 496 9387 8388 6254	(0.11018001241464928,0.08269708218488872,0.13766294264440987)
4552 7255 1560 6254	(0.10775527622594662,0.08071849745490735,0.13479205499698588)
4552 8205 9387 1560	(0.11142147734326505,0.08366697666036979,0.13917597802616033)
4552 8205 9387 7255 6254	(0.11097532588454376,0.08316263153311963,0.13878802023596787)
4552 9387 8388 1560	(0.107735878336437,0.0806797016758881,0.13479205499698588)
5494 384 7255	(0.15238981998758536,0.1249068897578248,0.17987275021734592)
5494 4456 7255	(0.1517108938547486,0.1232774670390166,0.1801443206704806)
7159 8388 1560 6254	(0.15207945375543142,0.12444134040959387,0.17971756710126893)
7778 345 6254	(0.4450263811297331,0.41719428888879934,0.47285847337066683)
7778 3806 1560	(0.150818590937306,0.12242395990059327,0.1792132219740188)
7778 9194 7255 6254	(0.14866542520173806,0.12172563587824689,0.1756052145252292)
8205 1560 6254	(0.11093653010552453,0.08471446269388934,0.1371585975171597)
8205 9387	(0.17875155183116076,0.1522579139663909,0.20524518969593064)
8205 9387 7255 6254	(0.10998603351955308,0.08370577243938904,0.13626629459971712)
8388 1560 6254	(0.2742085661080074,0.24598851607688127,0.30242861613913363)
8615 2225 9387	(0.10494258224705152,0.07897268739904142,0.13091247709506162)
9194 345 7159 3806	(0.14887880198634387,0.12106610763491976,0.176691496337768)
9194 7159 7255	(0.15188547486033518,0.12576039689624813,0.17801055282442227)
9387 3806 1560	(0.18819832402234637,0.159629111980047,0.21676753606464572)
9387 8388	(0.19329996896337678,0.16672873954056844,0.21987119838618516)
