1856 216 7159 8388	(0.14796710117939169,0.12056176250766962,0.17537243985111375)
1856 345 3806 6254	(0.1490921787709497,0.12060055828668884,0.1775837992552106)
1856 7159 1560	(0.1516139044072005,0.12541123488507494,0.17781657392932604)
1856 9194 7159 1560 6254	(0.1454453755431409,0.11691495927986079,0.17397579180642103)
216 3806 1560	(0.1507022036002483,0.12199720633138159,0.179407200869115)
216 384 7159 1560	(0.14856843575418993,0.12052296672865037,0.17661390477972952)
2399 1856 3806	(0.15120654872749845,0.12382060794528599,0.1785924895097109)
2399 216 7159 1560	(0.14847144630664183,0.1216480443202084,0.17529484829307526)
2399 345 7159 1560 6254	(0.1458139354438237,0.11862197355670748,0.17300589733093996)
2399 384 7159 8388 6254	(0.14575574177529485,0.11846679044063049,0.1730446931099592)
2399 7255 1560	(0.15006207324643078,0.12281191769078567,0.1773122288020759)
2399 8388	(0.1563469894475481,0.13006672836738406,0.18262725052771214)
345 8388 1560 6254	(0.14711359404096835,0.11963066381120777,0.17459652427072891)
384 7255 3806 6254	(0.14668684047175667,0.11900993134689988,0.17436374959661344)
384 9194 1560	(0.1519824643078833,0.1234714459341128,0.1804934826816538)
384 9194 7159 1560	(0.14827746741154563,0.11986343848532324,0.176691496337768)
4456 216	(0.450768156424581,0.4215394161389545,0.4799968967102075)
4456 216 7159 3806 6254	(0.14536778398510242,0.1181952199874958,0.17254034798270904)
4456 384 7159	(0.44209729981378026,0.41346989410295204,0.4707247055246085)
4456 384 7255 6254	(0.14856843575418993,0.12044537517061188,0.176691496337768)
4456 384 8388 6254	(0.14895639354438237,0.12133767808805446,0.17657510900071027)
4456 9194 7159	(0.44289261328367474,0.41331471098687506,0.4724705155804744)
4552 9387 3806	(0.11072315332091869,0.08452048379879314,0.13692582284304422)
496 1560 6254	(0.11163485412787089,0.08545158249525496,0.13781812576048683)
5269 8177 9387	(0.10463221601489758,0.07858472960884899,0.13067970242094618)
5494 1856 3806 6254	(0.14884000620732465,0.12091092451884278,0.1767690878958065)
5494 1856 7159 7255 6254	(0.14465006207324643,0.11641061415261064,0.17288950999388222)
5494 216 3806	(0.1512453445065177,0.12420856573547842,0.17828212327755696)
5494 9194 7159 7255	(0.1476179391682185,0.11947548069513081,0.1757603976413062)
7778 1856 8388	(0.1510901613904407,0.12420856573547842,0.17797175704540302)
7778 216 7159 3806 6254	(0.1455229671011794,0.11873836089376519,0.1723075733085936)
7778 384 8388 6254	(0.1489951893234016,0.12211359366843932,0.17587678497836393)
7778 5494 7159 8388	(0.14748215394165115,0.12044537517061188,0.17451893271269042)
7778 9194 7159 7255 6254	(0.14530959031657356,0.11850558621964974,0.17211359441349738)
8615 8177 2225	(0.10397268777157045,0.077304468901214,0.1306409066419269)
