1084 4913	(0.10624224084419615,0.08021415232765719,0.13227032936073513)
1084 8615 9387	(0.10564090626939789,0.0780415887025796,0.1332402238362162)
1856 216 3806	(0.15118715083798884,0.12393699528234373,0.17843730639363392)
1856 9194 7159 6254	(0.4349588764742396,0.405633146741065,0.4642846062074142)
2399 4456	(0.4525915580384854,0.42413873333324376,0.481044382743727)
2399 7159 6254	(0.4439594972067039,0.4173494720048763,0.4705695224085315)
345 216 7159 6254	(0.43625853507138423,0.4079220977032003,0.46459497243956815)
345 7159 1560	(0.15103196772191185,0.1249068897578248,0.17715704568599894)
4456 7159 3806 1560	(0.1476179391682185,0.11963066381120777,0.1756052145252292)
4456 7159 8388	(0.15213764742396027,0.12587678423330587,0.1783985106146147)
4552 496 6254	(0.1780532278088144,0.1498137798881786,0.2062926757294502)
496 8388	(0.11266294227188083,0.08657666008681299,0.13874922445694865)
5494 345 7159 7255 6254	(0.1458139354438237,0.11745810018613018,0.17416977070151723)
5494 345 7255 6254	(0.14841325263811297,0.11986343848532324,0.1769630667909027)
5494 345 8388 6254	(0.14833566108007448,0.12060055828668884,0.17607076387346013)
5494 9194 6254	(0.4451233705772812,0.41727188044683783,0.47297486070772454)
6699 8305	(0.11407898820608318,0.08533519515819722,0.14282278125396913)
7255 6254	(0.28320918684047175,0.2565409679701153,0.3098774057108282)
7778 7159 3806 1560	(0.14750155183116076,0.11947548069513081,0.17552762296719074)
7778 7159 7255	(0.15149751707014278,0.12541123488507494,0.1775837992552106)
8205 8388 3806 6254	(0.10713454376163874,0.08005896921158022,0.13421011831169727)
8388 6254	(0.28357774674115455,0.25716170043442316,0.30999379304788593)
9194 216 7159 7255 6254	(0.14575574177529485,0.11827281154553429,0.1732386720050554)
9194 216 7159 8388 6254	(0.14509621353196772,0.1177296706392649,0.17246275642467054)
9194 345 6254	(0.4440370887647424,0.41331471098687506,0.4747594665426097)
9194 7255	(0.15528010552451893,0.12901924233386453,0.18154096871517336)
