1084 8615 4913 9387	(0.10379810676598386,0.07645096176279065,0.13114525176917707)
1856 216 7255 6254	(0.1489951893234016,0.1213764738670737,0.17661390477972952)
1856 216 8388 6254	(0.14821927374301677,0.12079453718178507,0.17564401030424845)
1856 3806 1560	(0.15035304158907511,0.12188081899432385,0.17882526418382635)
216 7159 8388 6254	(0.14878181253879577,0.12257914301667022,0.17498448206092132)
2399 345 7159	(0.44328057107386715,0.41591402818116435,0.47064711396657)
2399 4456 7159 8388	(0.14884000620732465,0.12091092451884278,0.1767690878958065)
2399 7159 8388 1560 6254	(0.1437965549348231,0.11617783947849517,0.171415270391151)
345 216 7159 7255 6254	(0.14451427684667909,0.11734171284907247,0.1716868408442857)
345 384 7159	(0.44324177529484793,0.415215704158818,0.4712678464308779)
345 7159 3806	(0.15233162631905647,0.12622594624447903,0.17843730639363392)
345 7255	(0.15533829919304779,0.12917442544994148,0.18150217293615412)
384 7159	(0.45354205462445685,0.42712600831772546,0.47995810093118824)
496	(0.17927529484792054,0.15276225909364105,0.20578833060220003)
5269 8615 8177	(0.10515595903165735,0.07757603935434869,0.13273587870896603)
5494 384 7159 3806 6254	(0.14567815021725636,0.11850558621964974,0.17285071421486298)
7159 1560 6254	(0.1568901303538175,0.1307262566107112,0.18305400409692382)
7778 345 1560	(0.15178848541278708,0.1248292981997863,0.17874767262578786)
7778 5494 7255 6254	(0.1488981998758535,0.12246275567961248,0.1753336440720945)
7778 5494 8388 6254	(0.14831626319056487,0.12126008653001596,0.17537243985111375)
7778 7159	(0.4523781812538796,0.4257293602730327,0.47902700223472644)
8205 3806 1560 6254	(0.10870577281191807,0.08025294810667644,0.1371585975171597)
8205 9387 7255 1560	(0.10736731843575419,0.08025294810667644,0.13448168876483196)
