1084 9387	(0.10614525139664804,0.08002017343256097,0.13227032936073513)
1856 345 7159 8388 6254	(0.145697548106766,0.11757448752318791,0.17382060869034405)
1856 4456 1560 6254	(0.14967411545623835,0.12141526964609295,0.17793296126638378)
1856 7159 8388 6254	(0.14878181253879577,0.12257914301667022,0.17498448206092132)
216 7255 3806 6254	(0.14674503414028553,0.11900993134689988,0.17448013693367118)
2399 1856 8388	(0.15132293606455618,0.1234714459341128,0.17917442619499954)
2399 216 7159 7255 6254	(0.14546477343265052,0.11846679044063049,0.17246275642467054)
2399 216 7159 8388 6254	(0.14523199875853507,0.11823401576651504,0.1722299817505551)
345 7159 3806 1560 6254	(0.14393234016139045,0.11567349435124502,0.17219118597153585)
384 7255 1560	(0.1492667597765363,0.12203600211040083,0.1764975174426718)
384 9194	(0.4512337057728119,0.4214230288018968,0.481044382743727)
4456 384 1560	(0.15186607697082558,0.12424736151449767,0.17948479242715348)
4456 9194 1560	(0.1517108938547486,0.12389819950332448,0.17952358820617273)
4552 3806 1560 6254	(0.10903553693358163,0.08071849745490735,0.1373525764122559)
4552 496 9387 7255 6254	(0.11049037864680322,0.08324022309115812,0.13774053420244833)
4552 9387 7255 1560	(0.10760009310986965,0.08044692700177265,0.13475325921796666)
4552 9387 8388	(0.11223618870266915,0.08611111073858208,0.13836126666675622)
496 9387	(0.17898432650527624,0.1525294844195256,0.20543916859102684)
5494 216 8388	(0.15091558038485411,0.12358783327117054,0.17824332749853772)
5494 384 7159 1560 6254	(0.14560055865921787,0.11850558621964974,0.17269553109878602)
5494 7159 8388 1560 6254	(0.14395173805090006,0.11633302259457215,0.17157045350722797)
5609 2225 9387	(0.10503957169459963,0.07897268739904142,0.13110645599015783)
7778 216	(0.45278553693358164,0.4253801982618595,0.4801908756053037)
7778 9194	(0.4519320297951583,0.42456548690245544,0.47929857268786114)
9194 1560 6254	(0.15219584109248913,0.12607076312840207,0.1783209190565762)
