1856 216	(0.4542209807572936,0.42685443786459076,0.48158752364999646)
1856 216 7159 1560	(0.14767613283674735,0.12021260049649643,0.1751396651769983)
1856 4456 3806 6254	(0.1491697703289882,0.12126008653001596,0.17707945412796045)
2399 1560	(0.15656036623215394,0.130377094599538,0.18274363786476988)
2399 1856 7159	(0.44324177529484793,0.4145173801364716,0.47196617045322425)
2399 4456 3806	(0.15165270018621974,0.12382060794528599,0.17948479242715348)
345 216 7159 8388 6254	(0.14523199875853507,0.11831160732455354,0.1721523901925166)
384 7159 3806 6254	(0.14895639354438237,0.12292830502784341,0.17498448206092132)
4456 345 7159 7255 6254	(0.14465006207324643,0.11641061415261064,0.17288950999388222)
4456 345 7159 8388 6254	(0.14521260086902546,0.11761328330220716,0.17281191843584373)
4456 7159 7255 6254	(0.14876241464928616,0.1227343261327472,0.17479050316582512)
4552 3806	(0.11116930477963997,0.0849472373680048,0.13739137219127515)
4552 8205 7255 6254	(0.11136328367473619,0.08362818088135054,0.13909838646812184)
4913 8177 9387	(0.16049813780260708,0.1320841088763847,0.18891216672882946)
496 7255 3806	(0.1084729981378026,0.0814944130352922,0.13545158324031303)
496 8388 3806	(0.1075612973308504,0.08056331433883038,0.13455928032287043)
5269 8615 9387	(0.10558271260086903,0.0780415887025796,0.13312383649915843)
5494 216 7159	(0.44347454996896335,0.41622439441331827,0.4707247055246085)
5494 345 3806	(0.15153631284916202,0.12382060794528599,0.17925201775303803)
5494 345 7159 3806	(0.1476373370577281,0.1200186216014002,0.17525605251405604)
5494 4456 7159 7255 6254	(0.14503801986343887,0.1165657972686876,0.1735102424581901)
5494 7159 8388 3806 6254	(0.14319522036002483,0.11594506480437972,0.17044537591566994)
5494 8388	(0.15657976412166355,0.130377094599538,0.18278243364378913)
7159 3806	(0.1598968032278088,0.1337135315951929,0.18608007486042474)
7159 8388 3806 6254	(0.15155571073867163,0.12436374885155538,0.17874767262578786)
7255	(0.540522191185599,0.5132526377404443,0.5677917446307538)
7778 1856 1560	(0.15194366852886407,0.1251784602109595,0.17870887684676864)
7778 345 7159 7255 6254	(0.14688081936685288,0.1195530722531693,0.17420856648053648)
7778 4456 7159 6254	(0.43588997517070144,0.4080772808192773,0.4637026695221256)
7778 4456 8388	(0.15157510862818124,0.12436374885155538,0.1787864684048071)
7778 5494 7159 1560	(0.14802529484792054,0.12075574140276582,0.17529484829307526)
7778 7159 3806 1560 6254	(0.1447082557417753,0.1165657972686876,0.17285071421486298)
7778 7159 7255 6254	(0.14845204841713222,0.12242395990059327,0.17448013693367118)
8205 7255 1560 6254	(0.10713454376163874,0.0799425818745225,0.13432650564875498)
8205 9387 8388 1560	(0.10789106145251397,0.08087368057098432,0.13490844233404362)
8388 3806 6254	(0.2737430167597765,0.24544537517061188,0.30204065834894117)
9194 216 7159 6254	(0.4370538485412787,0.408348851272412,0.4657588458101454)
9194 3806 6254	(0.1526225946617008,0.1265751082556522,0.1786700810677494)
9194 8388 1560 6254	(0.1472493792675357,0.11959186803218855,0.17490689050288286)
