1856 7159 7255 3806 6254	(0.14296244568590938,0.11513035344497563,0.17079453792684313)
1856 7159 8388	(0.15182728119180633,0.12556641800115192,0.17808814438246076)
216 384 7159 8388	(0.1493637492240844,0.12149286120413144,0.1772346372440374)
216 384 7255	(0.15217644320297952,0.12378181216626674,0.1805710742396923)
216 8388 6254	(0.15231222842954686,0.12607076312840207,0.17855369373069166)
2399	(0.4628336436995655,0.43628181216626677,0.48938547523286424)
2399 216 7159 8388	(0.14860723153320918,0.12176443165726614,0.17545003140915225)
2399 384 6254	(0.4443086592178771,0.41676753531958766,0.47184978311616654)
2399 384 7159 7255	(0.14959652389819988,0.12219118522647779,0.17700186256992195)
345 384 7159 1560	(0.1476373370577281,0.12013500893845794,0.1751396651769983)
384	(0.46316340782122906,0.4366697699564592,0.48965704568599894)
384 7255 3806	(0.14996508379888268,0.12215238944745854,0.17777777815030682)
384 9194 7159 8388	(0.14794770328988205,0.11951427647415006,0.17638113010561407)
384 9194 8388	(0.1516139044072005,0.12331626281803584,0.17991154599636516)
4126 8305	(0.11380741775294848,0.08556796983231268,0.14204686567358427)
4456 216 1560 6254	(0.1491503724394786,0.12180322743628538,0.1764975174426718)
4456 216 7159 7255	(0.14802529484792054,0.12040657939159263,0.17564401030424845)
4456 3806 6254	(0.152971756672874,0.12684667870878694,0.17909683463696105)
4456 384 3806	(0.15186607697082558,0.12420856573547842,0.17952358820617273)
4456 384 7159 1560 6254	(0.1459109248913718,0.11827281154553429,0.17354903823720935)
4456 9194 3806	(0.15066340782122906,0.12261793879568947,0.17870887684676864)
4552 9387 7255 3806	(0.10822082557417753,0.08110645524509977,0.13533519590325527)
4913 2225 9387	(0.16067271880819367,0.1338299189322506,0.18751551868413674)
496 9387 7255 3806 6254	(0.10777467411545624,0.08071849745490735,0.13483085077600515)
5494 216 7255 6254	(0.14930555555555555,0.12172563587824689,0.17688547523286421)
5494 3806 1560	(0.15066340782122906,0.12234636834255477,0.17898044729990334)
7778 1856	(0.45043839230291743,0.4225869021724741,0.4782898824333608)
7778 216 7159 7255	(0.14841325263811297,0.1214540654251122,0.17537243985111375)
7778 384 7159 1560 6254	(0.1458915270018622,0.11932029757905382,0.17246275642467054)
7778 5494 7159 7255 6254	(0.14575574177529485,0.11897113556788066,0.17254034798270904)
7778 9194 6254	(0.444211669770329,0.41661235220351067,0.47181098733714727)
