1560 6254	(0.2841402855369336,0.2577436371197118,0.3105369339541553)
1856 4456 7255 6254	(0.14980990068280572,0.12180322743628538,0.17781657392932604)
1856 8388 1560	(0.14992628801986344,0.12246275567961248,0.1773898203601144)
216 7159 8388 1560 6254	(0.14385474860335196,0.11602265636241821,0.1716868408442857)
2225	(0.1702164804469274,0.14403320881431145,0.1963997520795433)
2399 4456 7255	(0.15293296089385475,0.1250232770948825,0.180842644692827)
2399 7159 3806 6254	(0.148975791433892,0.12288950924882416,0.1750620736189598)
2399 7159 7255 1560 6254	(0.1442427063935444,0.1168373677218223,0.17164804506526646)
384 7159 7255 6254	(0.14876241464928616,0.1227343261327472,0.17479050316582512)
4456 1560	(0.15514432029795158,0.1288252634387683,0.18146337715713487)
4456 7159 8388 3806	(0.146260086902545,0.11904872712591913,0.17347144667917086)
4552 7255	(0.11076194909993793,0.08463687113585086,0.136887027064025)
5494 345 1560 6254	(0.14833566108007448,0.12052296672865037,0.17614835543149862)
5494 345 7159 1560 6254	(0.14538718187461205,0.11745810018613018,0.1733162635630939)
5494 345 7159 7255	(0.1481610800744879,0.11994103004336173,0.17638113010561407)
5494 345 7255	(0.15136173184357543,0.1230834881439204,0.17963997554323047)
5494 384 7159	(0.44382371198013654,0.41630198597135676,0.47134543798891637)
5494 384 7159 8388 6254	(0.14519320297951582,0.11788485375534186,0.1725015522036898)
5494 4456 7159	(0.4436103351955307,0.4153708872748949,0.47184978311616654)
7159 7255	(0.1600519863438858,0.13386871471126985,0.18623525797650173)
7778 1856 7159 3806 6254	(0.1451738050900062,0.118389198882592,0.1719584112974204)
7778 7159 8388 3806	(0.14618249534450653,0.11920391024199611,0.17316108044701692)
9194	(0.46341558038485414,0.43701893196763236,0.4898122288020759)
9194 216 3806	(0.15157510862818124,0.12440254463057462,0.17874767262578786)
9194 216 7159 1560 6254	(0.14538718187461205,0.11831160732455354,0.17246275642467054)
9194 345 3806 6254	(0.1492667597765363,0.12149286120413144,0.1770406583489412)
9194 3806 1560 6254	(0.14699720670391062,0.11862197355670748,0.17537243985111375)
9194 7255 6254	(0.15229283054003726,0.12630353780251752,0.17828212327755696)
