1856 345 7159 1560 6254	(0.14593032278088144,0.11765207908122641,0.17420856648053648)
1856 345 7159 3806	(0.14823867163252638,0.12005741738041945,0.17641992588463332)
1856 7159 1560 6254	(0.14839385474860337,0.12230757256353553,0.17448013693367118)
1856 8388	(0.1560560211049038,0.1299115452513071,0.18220049695850046)
216 8388 1560 6254	(0.14688081936685288,0.11900993134689988,0.17475170738680587)
2399 345	(0.45278553693358164,0.4252638109248018,0.4803072629423614)
2399 345 8388 6254	(0.1477925201738051,0.12048417094963113,0.17510086939797906)
2399 9194 7159 8388	(0.14808348851644942,0.12025139627551568,0.17591558075738314)
345 7159 8388 1560	(0.14624068901303539,0.11885474823082293,0.17362662979524784)
384 7159 1560	(0.15130353817504655,0.125100868652921,0.1775062076971721)
4456 384 7255	(0.1510901613904407,0.12292830502784341,0.17925201775303803)
4456 7255 6254	(0.15238981998758536,0.12630353780251752,0.17847610217265317)
4456 9194 7255	(0.1509931719428926,0.12257914301667022,0.179407200869115)
4552 496 9387 6254	(0.1776846679081316,0.1493482305399477,0.2060211052763155)
4552 9387 7255 1560 6254	(0.10727032898820608,0.08017535654863794,0.13436530142777423)
496 9387 1560 6254	(0.11049037864680322,0.08432650490369692,0.13665425238990953)
496 9387 8388	(0.11213919925512104,0.08599472340152435,0.13828367510871775)
5269 8615 4913	(0.10503957169459963,0.07742085623827172,0.13265828715092753)
5494 1856 7159 1560 6254	(0.14530959031657356,0.11761328330220716,0.17300589733093996)
5494 1856 7159 3806	(0.1478119180633147,0.11997982582238095,0.17564401030424845)
5494 384 8388 6254	(0.14868482309124767,0.12114369919295825,0.17622594698953709)
5494 7159 8388 1560	(0.14651225946617008,0.11904872712591913,0.17397579180642103)
5494 7255 1560	(0.15004267535692117,0.12288950924882416,0.17719584146501816)
7778 1856 7159 1560	(0.14827746741154563,0.12176443165726614,0.17479050316582512)
7778 384 8388	(0.1510901613904407,0.12420856573547842,0.17797175704540302)
7778 9194 7159 1560 6254	(0.14501862197392923,0.11788485375534186,0.1721523901925166)
9387	(0.33907510862818124,0.31252327709488253,0.36562694016148)
9387 7255 1560 6254	(0.1204608938547486,0.09309435096204577,0.14782743674745144)
