1856 9194 7159 8388	(0.14818047796399753,0.119824642706304,0.17653631322169105)
216 1560 6254	(0.15227343265052762,0.12607076312840207,0.17847610217265317)
2399 4456 7159 7255 6254	(0.14655105524518933,0.11885474823082293,0.17424736225955573)
2399 7159 8388	(0.15196306641837368,0.12568280533820964,0.17824332749853772)
2399 7159 8388 3806 6254	(0.1435249844816884,0.11625543103653366,0.17079453792684313)
345 216 7159 8388	(0.14818047796399753,0.12126008653001596,0.17510086939797906)
345 384 1560 6254	(0.14893699565487276,0.12160924854118915,0.17626474276855633)
345 384 7159 7255	(0.14858783364369957,0.1215704527621699,0.1756052145252292)
345 7159 8388 3806	(0.14612430167597765,0.11916511446297687,0.17308348888897845)
384 7159 3806	(0.15202126008690253,0.12579919267526737,0.17824332749853772)
4456 7159 8388 1560	(0.14666744258224707,0.11920391024199611,0.174130974922498)
4552 496 8388	(0.11099472377405338,0.08351179354429282,0.13847765400381395)
5494 216 7159 6254	(0.43571539416511484,0.4084652386094697,0.46296554972075993)
5494 7159 8388 3806	(0.14637647423960273,0.11912631868395762,0.17362662979524784)
5494 7255 3806	(0.1494413407821229,0.12176443165726614,0.1771182499069797)
5494 9194 8388	(0.15110955927995035,0.12335505859705509,0.1788640599628456)
5609 4913 2225	(0.10362352576039727,0.0764121659837714,0.13083488553702313)
7159 3806 6254	(0.1566185599006828,0.13057107349463423,0.1826660463067314)
7778 1856 7159 3806	(0.14800589695841093,0.1211824949719775,0.17482929894484436)
7778 7159 8388 1560	(0.14647346368715083,0.11897113556788066,0.17397579180642103)
8177 9387	(0.16604593420235877,0.13984326468023323,0.19224860372448432)
8205 3806 1560	(0.10905493482309125,0.08060211011784962,0.13750775952833288)
9194 216 1560	(0.15174968963376784,0.12436374885155538,0.1791356304159803)
9194 345 8388	(0.15165270018621974,0.12351024171313205,0.17979515865930742)
9194 8388 3806 6254	(0.14812228429546864,0.12075574140276582,0.1754888271881715)
