1856 216 7159 3806 6254	(0.14468885785226568,0.11730291707005322,0.17207479863447814)
1856 345 1560 6254	(0.1494413407821229,0.12091092451884278,0.17797175704540302)
2399 384 7255	(0.15285536933581625,0.1256440095591904,0.18006672911244212)
2399 9194 6254	(0.4453949410304159,0.4173494720048763,0.4734404100559555)
2399 9194 7159 1560 6254	(0.14492163252638113,0.11695375505888003,0.17288950999388222)
384 7255 1560 6254	(0.14618249534450653,0.11900993134689988,0.17335505934211315)
4456 216 7159 1560 6254	(0.14612430167597765,0.11873836089376519,0.1735102424581901)
4456 345 7255 6254	(0.14839385474860337,0.12021260049649643,0.17657510900071027)
4456 345 8388 6254	(0.14827746741154563,0.12079453718178507,0.1757603976413062)
4456 384 8388	(0.15132293606455618,0.12354903749215129,0.17909683463696105)
4456 7255 3806	(0.14973230912476723,0.12203600211040083,0.17742861613913363)
4456 9194 8388	(0.1510513656114215,0.1231998754809781,0.17890285574186485)
4552 496 9387 3806	(0.11066495965238982,0.0833954062072351,0.13793451309754456)
5269 1084	(0.10585428305400373,0.07815797603963733,0.1335505900683701)
5494 1856 1560 6254	(0.14810288640595903,0.12036778361257339,0.17583798919934468)
5494 1856 6254	(0.44399829298572313,0.41447858435745233,0.47351800161399393)
5494 216 7159 1560	(0.14757914338919925,0.12032898783355414,0.17482929894484436)
5494 9194 7159 3806 6254	(0.14490223463687152,0.11687616350084154,0.17292830577290147)
7159 3806 1560	(0.15539649286157667,0.1271958407199601,0.1835971450031932)
7778 345 8388 6254	(0.14891759776536312,0.12168684009922764,0.17614835543149862)
7778 7255 6254	(0.1523510242085661,0.126381129360556,0.1783209190565762)
7778 9194 7255	(0.15204065797641217,0.1248292981997863,0.17925201775303803)
9194 345 7159 8388 6254	(0.14556176288019865,0.1177296706392649,0.1733938551211324)
9194 7159	(0.45325108628181254,0.42685443786459076,0.4796477346990343)
9387 7255 6254	(0.12620266914959652,0.099844816511394,0.15256052178779905)
