3 6 7 21 31 33 39 42 43 49 
3 6 7 21 31 33 39 42 43 49 
3 6 7 21 31 33 39 42 43 49 
3 7 14 33 39 42 49 
3 7 14 24 33 34 37 39 41 42 49 
15 29 39 48 
3 7 33 42 49 
3 7 14 15 29 33 42 49 
3 7 14 15 24 29 33 34 37 39 41 42 43 48 49 
7 15 29 33 39 42 48 49 
3 7 14 33 39 42 49 
6 21 31 39 43 
3 7 14 33 39 42 49 
3 7 14 33 39 42 49 
14 15 24 29 33 34 37 39 41 43 48 
3 6 7 14 21 31 33 39 42 43 49 
6 15 21 29 31 39 43 48 
3 7 33 42 49 
3 6 7 14 21 31 33 39 42 43 49 
3 7 14 33 42 49 
14 24 33 34 37 39 41 43 
3 6 7 14 21 29 31 33 39 42 43 48 49 
15 24 29 33 34 37 39 41 43 48 
3 6 7 21 24 31 33 34 37 39 41 42 43 49 
3 7 33 42 49 
3 7 24 29 33 34 37 39 41 42 43 48 49 
3 7 14 33 39 42 49 
15 29 39 48 
6 14 21 24 31 33 34 37 39 41 43 
14 15 29 33 39 48 
14 15 29 33 39 48 
3 7 15 29 33 39 42 48 49 
3 6 7 15 21 29 31 33 39 42 43 48 49 
3 7 14 24 29 33 34 37 39 41 42 43 48 49 
3 7 14 33 39 42 49 
6 15 21 31 39 43 48 
6 14 21 31 33 39 43 
3 7 24 33 34 37 41 42 43 49 
3 6 7 14 15 21 29 31 33 39 42 43 49 
6 15 21 24 31 33 34 37 39 41 43 48 
14 21 24 31 33 34 37 39 41 43 
3 7 14 33 39 42 49 
6 21 31 39 43 
3 7 14 24 33 34 37 39 41 42 49 
3 6 7 14 15 21 29 31 33 39 42 43 48 49 
3 7 14 15 29 39 42 49 
3 7 14 15 29 33 39 42 48 49 
6 14 15 21 29 31 33 39 43 48 
3 7 14 15 29 33 39 42 48 49 
3 6 7 14 21 24 31 33 34 37 39 41 42 43 49 
6 21 31 39 43 
3 7 14 33 39 42 49 
3 7 33 42 49 
3 7 14 24 33 34 37 39 41 42 43 49 
3 6 7 14 21 31 33 39 42 43 49 
6 14 21 24 31 33 34 37 39 41 43 
24 33 34 37 41 43 
6 14 21 31 39 
6 15 21 29 31 39 43 48 
3 7 24 33 34 37 41 42 43 49 
3 6 7 15 21 29 31 33 39 42 43 48 49 
6 21 31 33 39 42 43 49 
6 14 21 29 31 33 39 43 48 
14 15 33 39 48 
3 6 7 21 31 33 39 42 43 49 
3 7 14 24 33 34 37 39 41 42 43 49 
3 7 14 15 29 33 34 37 39 41 42 43 48 49 
3 7 14 33 39 42 49 
6 14 21 31 33 39 43 
14 33 39 
3 33 42 49 
3 7 33 42 49 
3 7 14 15 24 33 34 37 39 41 42 43 49 
3 6 7 14 21 31 33 39 42 43 49 
3 7 33 42 
3 7 14 24 33 34 37 39 41 42 43 49 
3 7 14 15 29 33 39 42 48 49 
3 7 15 29 33 39 42 48 49 
3 6 7 14 15 21 29 31 33 39 42 43 48 49 
3 7 14 15 29 33 39 42 48 49 
14 15 29 33 39 48 
3 6 7 14 15 21 29 31 33 39 42 43 48 49 
24 33 34 37 41 43 
3 7 33 42 49 
14 15 29 33 39 48 
3 7 15 29 33 39 42 48 49 
3 7 14 15 29 33 39 42 48 49 
3 6 7 21 31 33 34 39 41 42 43 49 
6 14 15 21 29 31 33 39 43 48 
3 7 33 42 49 
3 6 7 14 15 21 29 31 33 39 42 43 48 49 
3 7 14 33 42 49 
14 24 33 34 37 39 41 
6 14 21 31 33 39 43 
3 7 33 42 49 
3 6 7 21 31 39 42 43 49 
14 33 39 
3 6 7 21 31 33 39 42 43 49 
3 7 14 15 29 33 39 42 48 49 
3 6 7 14 21 31 33 39 42 43 49 
